#/Users/tobiasbreuer/Desktop/E&OR/Building and Mining Knowledge Graphs/Project/ProjectCode/src/runner.py
# GMT Tue Mar 14 11:18:45 2023
# 
8192 5951 6663 7738 36852 36825
5 6151 6161 6187 6309 6380 6537 6610 6677 6779 6875 7078 7647 7676 7786 8014 8234 8283 8387 8439 8452 8603 8981 9366 9509 10042 10156 10471 10504 10662 10665 10977 11041 11446 11449 11594 11642 11823 12120 12295 12463 13136 13654 14009 14020 14072 14319 14355 14378 14384 14385 14586 14652 14656 14724 14824 14966 15037 15045 15095 15583 15702 15756 15764 15875 16810 18253 20821 21797 23051 25950 6227 26058 6524 26206 26241 26297 26315 6870 26493 26530 26952 26966 27233 27361 27442 27535 27580 27673 27961 27967 28004 28033 28084 28290 28295 28605 28610 28692 28726 28791 28793 28818 28855 28982 29044 29074 29141 29311 29344 29627 29735 29765 29826 15622 30581 31330 32297 32559 32807 33576 33843 34391 34617
8200 5951 7998 8500 36825
9 6584 6588 6778 6814 6933 6946 7088 7292 7335 7541 7555 7578 7684 7907 8167 8595 8852 9046 9235 10147 10852 10859 11880 12484 12819 13047 13793 14513 15535 15656 20140 22091 23074 23615 25478 25648 25988 6168 6245 26066 26415 26416 26564 26813 26883 26931 26959 27199 8158 27308 27505 28109 28197 11265 28337 28722 28795 28813 28866 28871 28885 29595 30459 20228 32766 32807 32904 33046 34438 34551 34572 35666 35953
11 6060 6264 6299 6628 6714 6807 7065 7078 9757 11916 12834 13403 14769 6783 7574 26961 27026 27679 28321 28431 29297 29315 29535 14856 15009 15081 36251
40974 27333 35412 36908 36935
32785 8280 10517 21413
8213 6328 35412 36825
8214 5981 6030 6834 36851
23 6039 6164 6402 6536 6595 6732 6779 7059 7121 7546 7583 7765 8569 8695 8819 8924 9020 9339 9444 10211 10220 10904 11014 11098 11135 11441 11794 12086 12113 12531 12597 13076 13588 13813 14247 14652 14817 15442 15702 16259 16931 17305 17308 19201 20454 21246 21936 22355 23478 23632 23644 25405 5985 26012 6215 26089 26270 26285 26320 26336 26347 26417 26478 26489 26517 26673 26691 26836 26974 27033 27053 27072 27166 27192 27217 27272 27293 27324 27389 27395 27456 27549 27640 27668 27686 27700 27875 27942 27977 27991 28085 28224 28241 11571 28408 28413 28497 28509 12578 28676 28740 28745 12866 28825 28857 28933 28966 28977 29026 29081 29204 29237 29289 29420 29440 30014 30047 31353 31467 20227 32616 32856 33180 33578 33869 34044 34101 34551 34662 24702 35450 35710 35789 36144
57365 27334 33412 36826
8220 7016 36889 36888
8221 7016 37237 36888
32803 6016 6940 7060
73764 27333 27334 36826
39 26098 33193 36240
32807 9871 18535
8234 36825 35412
63509 27333 37101 37473
49197 27333 35412 36826
8238 10710 10711 14732
73774 27334 36877 36918
8241 5951 7738 36825 36852
73780 27333 27334 33412
8249 6024 37237 36825 35412 37306
63512 35412 36825 36908
8255 6682 27334 27333 36826
8256 6376 36888 36889
32835 6111 6894 7298 9097 26441
49225 35412 36826 39298
41035 27333 27334 36826
57424 36826 37429 38315 39128
8273 5946 36825 35412
8280 8852 10427 13033 15875 21026 21814 21936 26424 27049 27090 27215 27242 27686 27719 28489 28534 28850 28857 28871 28966 29751 29759 29763 30014 31353 35897
32856 126 6035 7060
8283 27334 36825
8292 8298 30652 25405
8298 5949 6193 8300 8301 36851
8300 8755 14696 30805 32941 34513
8301 27533 29862
49260 27333 36825 36841 36850
8309 7284 37101 27333 35412
8310 6768 8311 8312 36826
8311 9071 11695 12237 22002 28292 28492 28595 28657 28893 29014 35278 36277
8312 21213 28595
63524 27333 27334 33412
57467 36825 36826 37429
126 6335 6413 6548 6665 6875 7080 7105 7677 7788 8039 8448 8452 8663 9067 10076 10467 10716 11011 11065 11078 11690 11809 12192 12866 12995 13533 13748 14007 14828 14927 14983 16259 16324 16797 17543 19284 20151 22633 22759 22972 23345 23818 24418 24512 25281 25939 25986 6065 6145 26213 6628 26345 26413 26432 26456 26469 26659 26895 27210 27346 27447 27643 27649 27934 28268 28486 28649 28902 28906 28982 29188 29421 30570 30581 17940 32383 33877
8318 8319 36826 36875
8319 11405 11421 11466 11522 12614 14702
129 7273 27533 29862
24702 6228 8932
8323 8047 37684 36825 35412 38349
32899 7698 8332 9495 13062
73862 27333 36825 36826
32904 6038 23689
8331 7738 8332 36852 36825
8332 6213 6269 14724 25983 26860 27479 28407 28572 12578 28742 29285 29754 33564 34053 34176 35785
8334 5939 36826 36825
8338 185 36825 36826
8342 5951 6169 36825
153 6016 9000 12172
8352 6211 36825 35412
73896 27333 27334 36857
8365 8366 35412 36825
8366 13313 26105 26485 27747 28831 29358 30463 32559 34110 34666 35502
32941 5949 7097
8368 6022 27333 27334
63536 27334 36826 36875
78190 36826 37101 37306
8373 6667 33412 27334
185 6152 6153 6201 6213 6269 6411 6425 6426 6478 6536 6587 6598 6710 6826 6863 6903 6908 7476 7734 7785 8051 8568 8585 8647 8767 8900 9471 9479 9610 9839 10090 10290 10520 10827 11060 11585 11654 11779 11899 11914 12578 12659 13246 13401 14115 14147 14263 14264 14311 14379 14488 14677 14681 14751 15149 15222 15658 15750 15864 15998 16300 17580 18151 18167 18172 20287 20735 21554 22145 22633 22965 22972 25991 6289 26069 26252 26270 26288 26295 26419 26427 26503 26581 26599 26658 26671 26688 7213 27015 27016 27070 27105 27178 27247 27301 27405 27417 27484 27492 27582 27617 27654 27661 27740 27973 28090 28300 28419 28522 28747 28761 28881 28899 28944 28979 28985 29171 29217 29298 29563 29579 30079 16797 31341 31550 31615 32147 32225 32297 33322 33746 33990 34271 34312 34667 34889 35579 35613 25865
8377 6252 36825 35412
8380 8381 35412 36825
8381 15723 9245 27816 28679 30855 33566 36195
8382 8383 35412 36841
8383 6183 10708 13618 13953 27215 27611 27898 30606 36234
8387 35412 36825
8389 6016 7016 9647 27333 36857
8390 8391 36825 35412
8391 27825 28189 28636 29090
203 6122 6524 6952 9367 10156 11078 12171 13246 13773 15998 19201 20454 21081 26039 26210 26292 26673 26780 26952 27072 27130 27673 27742 27875 28002 28422 28605 28649 28831 28839 13533 29298 29438 14828 14983 29764 15096 16797 30463 30570 17543 32381 20151 32650 32678 34110 34583 35105 24418
8395 6022 27333 33412 27334
8405 6562 36888 39867
8416 5967 36889 36918 36888
8417 5967 36888 36889
49380 27333 35412 36825
73960 27333 36885 37101
8425 6022 37101 27333 36885
8427 6667 36825 33412
65778 27333 35412 36826 36833
8436 8437 35412 27334
8437 6164 23969 8448 28718
8439 36825 35412
8440 6556 6557 36825
8441 6597 37322 36825
8447 6518 35412 36825
8448 6674 36825
8451 5951 33412 36825 35412
8452 36825
63553 35412 36825 36826
73995 27333 27334 36825 38349
8462 6743 8187 33412 27333
33039 6035 7060 9467 12308 27868
8465 6212 36825 35412
41234 27333 27334 36851 37306
8469 6095 6622 36825
33046 6035 7060
8474 6108 27334 36825 27333
283 456 477 1781 1785 1946 2414 2419 2428 2538 3853 3861 3862 3894 4213 4230 4423 4689 4896
8482 6228 36825 35412
49442 27333 27334 36826
16679 6016 6022 6938
8488 6756 35412 36825
74024 27333 27334 33412 33413
8490 5943 6105 36918 36935 36825
8499 8500 36825 35412
8500 11268 26955 29697 29751 15146 16010 34949 36234
74038 27333 36848 36910
8507 5981 6837 36825
74046 27333 27334 38349
8511 5935 6391 36825 27333
8512 6535 36877 35412
8514 23615 25648 27052 27149 27217 27886 12600 35666 36271
8515 6105 36918 36877
8527 7016 36888 36889
74063 27333 36825 36843
74064 35412 36825 36852
8530 6391 8047 36825
8531 8532 36825 37123
8532 9351 10654 10979 21814
74068 27333 27334 37081
65879 27333 36826 36875
8546 8547 36841 36825
355 456 1946 2414 2538 3861 4230 4689 4896
8547 6870 6952 14824 21819 26289 28867 29044 29169 29765 34110 36271
8549 6035 36825 35412
8562 5951 7698 36825 35412
8565 5967 6102 36888 37213
8568 36825 36826
8569 6169 35412 36825
8573 6169 36825 35412
8580 8581 27333 36826
8581 10533 16959 22002
8585 5967 6135 36857 36889
8590 6195 36918 36877
8593 6556 36825 35412
8595 36933 36825
8596 6622 36841 35412 36825
8597 6328 36825 35412 36826
8603 6592 11518 36825
33180 6035 7060
16797 6158 6530 7360 10915 12172
8606 5981 6837 36825
74140 27333 27334 36826 36857
33193 6556 6557 12668
8618 6597 8619 36825
8619 10520 11958 13593 14677 28522
16810 8982 10915
8629 5965 6016 6035 10792 36825 27333
8632 6328 27333 27334
8634 5943 8008 36825
16830 6016 6535 6782 9000
8640 7626 8641 36825
8641 13484 13947 15750 19201 22388
65984 27333 35412 36826 36841 37306 37473
452 477 1781 1785 2419 2428 3853 3862 4423 4896
8647 36826 36825
456 457
457 1785 3853 3861 3894
8650 6556 8877 36825
33224 6016 6328 26874
8653 8654 36825 27333 36841
8654 25870 27049 28250 28818
8659 6743 27333 33412
8663 7060 36825 35412
8665 6108 36825 36841
477 478
478 2414 2538 3853 4689
41437 27333 27334 36826
33254 6016 6035 26874
8680 6328 35412 36841 36846
8691 5951 6344 36825
8695 36826 27333 36825
8696 5946 35412 36908
74231 27333 36826 38673
8698 5951 8699 36825
8699 6903 10885 11060 11471 11625 12682 13296 13382 13619 13656 14379 14803 15905 22145 26288 26419 26454 26705 27105 27178 27247 28250 28444 28899 28944 28979 29217 29296 14488 15864 30079 31341 31550 32147 32225 32688 20735 33322 33990 34271
8707 5965 8708 36825 36850 35412
8708 12600 25263
49667 27333 36825 36826 36841
8710 5967 36889 36888
74245 27333 27334 36835
8717 6111 6622 27281 35412 36825
529 1967 2108 4230 4402
8722 23644 26410 28242 28246 30855
8726 6391 36877 36825
8727 6287 8728 37429 27333
8728 13769 14432
16921 6111 8804 12143
8731 5951 35412 36851 36846 36825
16931 6674 13657
49704 27334 35412 36826 48871
33322 6034
8755 6834 36851
66105 27333 27334 36826
8766 6111 27333 35412
8767 36825 35412
16959 6016 6940
41537 27333 27334 36826
74306 35412 36825 36908
41543 27333 36826 37429
66124 27333 36826 37081
66125 27333 36826 36935 65167
8782 8783 15630 17030 26295 27467 29751
8783 36825 36841
41554 27333 36826 36875
8793 6024 35412 36825
16985 5946 6016 6024 6035
16987 5935 6530 9123
8796 6057 35412 36826
66137 27333 36841 36877 36918
33374 6111 6894 7298 26585
41567 36841 36852 36935 37237
8804 10462 22249 27549 28067 28404 28791 29168 29280 32297 34852
33382 5965 6597 6765 10517
74342 27333 27334 35412
49770 36825 36826 36918
74349 27333 38673 41922
8819 36841 36825 27333
33400 6912 10505 22867
41597 27333 27334 37768
8834 7738 8835 36825 36852
8835 6165 20821 26995 27948 28578 28850 28928 30465 33888
33412 6110 6534 6563 6637 6669 6893 7180 7339 7606 8046 8186 8923 9184 9192 10087 10225 10285 10860 11375 11829 12192 12477 12709 13030 13591 13714 13961 14430 14869 15069 26023 26053 26107 26232 26326 26689 27179 27276 27562 27581 27850 27942 27978 27995 28008 28020 28415 28462 28520 28577 28700 28843 28882 28885 28941 28999 29113 29123 29280 37030 37122 37256 37421 37439 37547 37631 37639 38287 38984 39216 39238 39281 39339 39350 39361 39863 39884 40073 40106 40410 41776 42159 42343 42454 42465 42773 44329 44345 44350 44364 44702 44971 45124 45268 45324 45598 45653 45882 46260 46971 47175 47180 47325 47441 47460 47678 47789 47894 48176 48377 48517 48674 48880 51539 51901 52225 52506 52632 52729 53085 53130 54442 55662 56637 56909 57120 57122 58962 60793 61544 61578 61978 62374 62399 62723 62982 66256 66841 66853 66934 67176 67782 68555 68648 69903 70931 71885 72937 73133 73212 73571 74486 74729 75256 75400 75402 75643 76153 76736 77418 77562 77578 78003 78021 78096 78609 78616 78638 78648 78682 78815 79101
33413 6534 10225 10352 26721 28577 29014 39740 44345 44359 45124 47460 52729 56983 67141 73233 74729 74790 75400 76153 78648 78650 78665
8838 6371 8839 36825
8839 10904 12295 14784 16009 18172 28017 28353 28901 29826
17030 6228 8048
41607 27333 27334 36826
8842 11956 14115 15222 16300 21554 22633 27247
8845 6667 36841 36825
8852 6597 8853 36825
8853 9059 9950 15702 21819 26738 28224 28421 13747 29735 25263
66208 36826 36875 36908
8871 5943 8872 36825 35412
8872 9059 11958 14677 15149 15658
33452 5965 6415 25999
8877 6369 25950 26090 27227 27345 27375 27651 27793 28024 28610 28791 29113 30118 35542 36131
25263 6038 6765
41649 7524 10040 12238
8888 8889 36850 36825
8889 6122 26356 28042 28386 29293 29764 32650 32678
8892 6035 8893 27333 35412 36825
8893 10459 11374 20211 25957 25958 25960 25961 25962 27722 27789 27790 28850 28863 29125 29518 29688
8895 7133 8896 36825
8896 10092 14072 15205 15535 28017 29765 29826 30401 33637 22712 34581 34936
8897 6095 35412 36825 36857
25281 8047 23689
8900 8901 36825 35412
8901 10290 10904 12061 14385 20735 21797 27129
25288 5951 6957 7738 7747
8907 11060 11272 11662 12940 17543
66256 27334 36826
25299 5939 5951 10496
33497 6016 6894 26874
8923 6530 7738 36825 36852
8924 6095 7060 36851 35412 36825
8925 6415 8926 36825
8926 6478 9351 10993 11455 12171 14278 15259 15446 21819 22573 26419 26581 26741 9378 28049 28702 28833 28867 13701 29373 29399 25870
33504 6016 9053 9097 13774 21214
8930 6984 27333 27334
8932 9482 9950 12831 27442 27733
8933 6034 27333 36825
8936 5943 8937 8938 36825
8937 13331 14828 18151 22698
8938 15446 26691 27788 11029
8944 13296 22849 10285 29107
74486 27333 36825
25336 6070 6158 7218
33530 6035 6328 7029
25348 6597 9048 10517
74501 27333 37101 38349
8981 8982 36825
8982 10850 12539 13136 14574 14898 15702 15764 18253 20821 22698 26415 28004 29826 22091 33576 33843
33557 5946 10960 14154
8986 6016 6940 27333 36826
8987 6035 35412 37101
33564 18518 28142
41755 27333 36826 36843
33566 6030 6906
8992 35412 36885 27333
8999 6328 9000 27333
9000 6534 6655 9006 11538 13834 26622 26656 27586 27680 27816 28006 28215 28550 13727 30269 31478 33649 33910 33936 35453 36097
33576 10143
33578 6035 6597 7060
9003 5965 27333 36825
58155 27333 36825 36877 36935
9006 6938 36885 27333
41776 27333 36885 37101 37429
9012 6057 36826 39298
9014 27988 28355 28375 28842 29206
9017 6450 36825 37429
9018 6022 37101 27333 35412
9020 36825 36841
9021 6035 35412 36825 36841 27333
25405 6597
9024 5943 6066 36825
9042 7187 35412 36841
9046 5965 6765 11617 37684 36826 27334 36825 35412
9048 12866 26618 28489
9053 6183 10388 12306 22762 26194 26474 27327 27588 27937 28380 31200 35453
9059 37322 36825
9061 5951 36825 35412
33637 5951 14716
9067 36831 36825
37623 37622 44706 76180
9071 6408 36841
33649 6016 6158 6288 6328
58225 36826 36841 36933 37322
9079 5967 9080 36888
9080 14976 19451
17274 6104 6180 6195
41856 27333 27334 35412 36826 36918 36935 37237 37851
9094 5981 6837 36825
25478 5965 21756
9096 9097 36875 35412 36826
9097 10330 14864 21246 23128 26194 26251 26583 26594 26747 26852 26976 27186 27280 27760 27861 28211 28335 28937 28941 29186 29501 29552 29686 30222 33690 34269 34666 34827 34911 34951 35802 36013 25630 36054
41870 27333 27334 36825
25489 5943 6459 9112
41874 36826 36877 36918 36935 37237
9111 5943 9112 36825
9112 11527 11704 13249 13403 13723 14450 14597 15009 27421 27901 28228 28613 13216 17940
17305 6169 10915
33690 5935 6472
9115 7016 36889 36888
9116 7016 36888 36889
17308 6035 7060
66458 27333 36885 37101 37306
66462 27333 36885 37101
9120 10427 11781 13736 15318 15446 15827 21026 22616 26332 26993 28898 29162 29787 29862 31365
9123 14183 14790 18303
9126 20849 21736 21751
41895 27333 37081 38671 39217
33709 5951 6158 26301
9139 5967 36889 36888
74676 36826 36918 37237
33721 6035 6597 6871 7060
9150 5967 36888 36889
41918 35412 36825 37306 37322
41922 45699 47952 51845 52762 52782
9160 5967 36888 36889
9163 6562 36888 39867
9165 7525 37659 36888
41933 27334 36825 36933
33743 6787 7043 9365
41937 27333 27334 35412
9170 5935 36825 36826
33746 6034 6063
9172 5965 36825 35412
9177 7016 36889 36888
9179 5943 6066 36825
9182 6070 36825 36908 35412
9184 7274 36826 27334
9186 5951 6044 36825
58341 27333 27334 36826
9191 5965 36825 35412
9192 5935 35412 27334 36825
9193 5943 6459 36825
41962 27333 36826 36843
74728 36826 36877 36918 36935
74729 27333
9201 15106 27554 27640 27749 9602 27949 27986 28747 15622 30179
9211 6556 9985 36841 36825
9219 6929 7016 37065 36828 36888 36889 36835
9229 5939 35412 27333
9230 6556 9985 36825
17423 6166 6597 8127
33807 5951 6169 6871
33808 5951 6169 23035
9235 36852 36825
33816 5951 6169 7738 15196
33818 5951 7738 13688
33819 5951 6169 9365 9467 13575 23035
50202 36826 36875 36885
9245 5946 27334 36825
25630 10463 12143
74790 27333 37123
74795 35412 55111 65167
25648 5939
33843 10143 10851
9270 5967 36889 36888
9281 7274 36826 35412 36825
50242 27334 36825 38349
25667 6894 9664 21583
9288 6070 9289 35412 36825
9289 10220 26976 28171 28413 28937 28941 15146
9293 9294 35412 27333
9294 14587 26332 9367
33869 6035 7060
74831 27333 37081 38349
9300 6564 35412 36825
33877 6146 6403
58456 27333 37101 38854
33888 5965 6597 15611
9313 6035 35412 27333
66661 27333 27334 37345
33900 5939 10463 21027 26018
25709 6537 26292 27536 28344 29169
66673 35412 36826 36843 37429
58483 27333 36826 37306
33910 6016 9511
9339 6228 36825
9351 7060 37851 35412 36825
17543 6158 7360
33936 6016 7274 26280
9364 6470 9365 36825
9365 11200 12681 13902 26588 26821 27078 27808 27872 27927 28141 28400 12412 28842 29052 29206 29236 29446 29590 29716 29793 30536 21061 21062 35861
9366 7136 36825
9367 35412 36825
9377 6743 36835 36826 27333 36846 39217 37684
9378 5943 36908 35412 36826 36825
42150 27333 36910 37429
74918 27334 36851 37768
66731 27333 36826 37768
17580 7626 14265
42159 27333 27334
74927 27334 35412 36825
66740 27333 36885 37101
42166 35412 36825 37914
33990 6473
58575 27333 36826 38865
42192 27333 27334 36835
9426 7094 37429 36877
42195 35412 36825 36885
42208 27333 27334 35412 36851 37306
9442 5946 35412 36825
9444 35412 36825
42220 35412 36825 37429
25843 6562 7693 14087
9460 5935 9461 36825
9461 14220 28308
9463 7552 36888 39867
9465 9467 36852 36825 35412
9467 15015 15442 27984 28335
34044 6597 21049
9471 36826 36825 35412
9472 6391 35412 36825
34053 5951 7738
58629 27333 27334 36826
9479 5951 6906 36825 36879 37123
25865 5951 7747 26080
9482 6228 36825 27333
25867 5998 6617 21625
9484 8050 36841 36825
25870 5943
9487 27334 36825 27333
34064 6111 11388 13774
55617 27333 36877 36885 36908 37101
58640 27333 27334 36826
9491 5942 14405 14482 26009 27032 27838 27985 27989 10596
66831 36826 37236 37429 62797
9494 6470 7097 9495 36825
9495 29291
66839 35412 36826 36908
66841 27333 27334
9500 6095 36825 35412
9502 6108 36825 27333
9504 9505 38241 36888
9505 12634 14086
34080 5965 6024 14266
9509 36825 27333
9510 9511 36875 27334 36826 27333
9511 26496 28015 28157 28520 29251 31478
25895 5946 10960 14154
66853 27333 27334 36826
9517 6915 37113 36826
9522 6057 36826 37113
9524 6328 37101 27333
34101 6035 7060
34106 5939 5951 10496
9531 7362 36826 37113
9532 6057 36826 37113
9533 5967 36888 27333 36889
34110
9535 6622 6919 35412 36825
9542 6209 27333 27334
25939 7535 10511 36825 27334
25941 5935 36825 36826
25944 28974 29586 30131 30173 30588 32120 32310 34162 35006
25945 29586 30131 30173 30588 32120 32310 34162 35006
25950 36825
25951 5991 16343 36825
25957 5951 35412 36825
25958 5951 36825 35412
25959 6032 36825 36851
25960 5951 9611 35412 36825
25961 5951 9611 36825 35412
25962 5951 9611 36825 35412
42342 36918 36935 37851
42343 27333 36843
9584 5939 36841 36825
34162 6559
9587 23049 26163 26658 27879
25973 5949 6600 36851
25974 5946 36926 27334 35412
66934 27333 27334 35412 36825 36826
25976 6597 6926 36825
9594 6314 37113 36826
25979 6877 36825 36826
25983 6371 36825
34176 5951 6169 7998
9602 6415 36826 36825
25986 6146 36825
25988 36825 35412
25989 6059 35412 36825
25991 25992 35412 36825
25992 6152 6411 22965 27682 28444
9609 14500 15239 20849 30118
9610 9611 36825 35412
9611 10658 14230 15173 26010 26069 26599 10467 28649 28985 29296 29959 15864 18167 31615 20287
25998 5946 25999 36825
25999 12021 26331 27474 27640 27893 28490 29543
9616 6332 9617 36935 36826
9617 6898 20140 20228
26001 5951 27333 37101
58768 36841 36910 37429
9621 6035 27333 36825 35412
26007 5935 7054 36825
26009 5943 36825
26010 5965 6663 21413 36825
9628 8127 36825 27333
9629 6111 6622 36825 35412
26012 6597 6926 36825
26013 6035 7060 35412 36825 27333 37322
66974 35412 55111 62797 65167
26017 5951 7738 10496 26018 36852 36825
9634 9644 11790 16300 26110 28231 28419 28972 29696 34889
26018 27617
26019 6016 10792 27333 36825 27334 36826
9637 10090 14862 15021
9638 8047 36825 36852
9639 5939 7738 36825 36852
26023 9664 27333
26025 6233 27333 27334
26027 5946 6024 36825
9644 9645 36825
9645 11790 16300 27015 27301 28231 28291 28972 29696 34889 35579
66989 27334 36826 36926
9647 26918 27063 28632
9648 7016 36889 36888
75184 36825 36826 37429 37768
9654 5939 36825 36852
26038 6016 7197 8127 27333 36825
26039 6158 11723 36825
26040 5951 7998 36825
9664 10225 28882
9665 9666 36852 36841
9666 6640 12739 15318 26594 27959
26049 5951 6344 36825
26052 6180 36826 36918
26053 6954 35412
9670 9671 36841 36826 36852 35412 36825
9671 10698 13410 15239 15749 27760 36013
17864 6095 7060 13274
26054 6617 6618 36851
26056 5949 6704 36851
26058 6756 35412
26059 5986 36825 36841
26060 15362 36850 36851 36825
42438 36826 36846 36875
9680 6287 6894 35412 27333
17872 6468 6556 6876 14367
26066 6108 36825
75217 35412 36825 37322
9684 8127 27333 37101
26068 11617 35412 36825
26069 36825
26071 6318 16107 36968 36825
34261 6877 7054 15362
26073 5949 6600 36851
42454 27333 27334
26075 5935 36826 36841 36825
34268 6016 6035 7060
34269 6472 6597 7698 10463
26079 5988 26080 36908 35412 36825
26080 26320 27843 28440 28795 34312
34271 7698
42465 27333 27334 35412 36825 36826 37429
42467 35412 36825 38349
26089 12172 36825 35412 36826
26090 26091 36851 36825
26091 26742 30118
42473 27333 36918 36935 37237
50670 27333 35412 36825 36826 36933
26095 13774 35412 36825
26098 10675 26101 36851
34291 9951 21336 28693
9716 36826 27333 36843 35412
26101 26108 26256 26439 26573 27096 27138 27139 27140 27141 27142 27143 27144 27145 27147 27159 27164 32505 35729 36212
75256 27333 27334
26105 6035 36825 27333 36841
9722 7362 36826 37113
26107 6945 37429 35412
26108 10675 36851
67069 36926 38315 48871
26110 9840 36825
34305 5951 6182 7133
9730 9731 36825 36851
9731 10835 26483 27440
26114 11617 35412 36825
26117 11617 36826 35412
26118 6447 36850 36968
67079 27333 27334 36910
34312 5951
9741 6059 36825 35412
34319 6035 6530 6597 7060
17940 6146 10915
9757 5943 36825
58912 36826 36828 36918
26155 6408 36841 35412
42540 27333 36826 36843
9774 7218 35412 36825
26161 5949 6600 36851
26163 16107 36825
26164 6328 27333 36825 35412 36826
26165 6616 6617 36851
9784 5976 6405 36825
26168 7738 36825 36852
26169 6022 27334 27333
75326 35412 36825 36841
67138 27333 37101 37429
67141 36825 37429
26185 6405 6765 36825 35412
26188 6016 21214 27333
67151 27333 36826 36877 36918 36935
26193 6473 36826 36825
26194 6016 36841 27333 35412
58962 27333 35412
42580 10606 10710 28619
58964 27333 36857 37659
34391 6182 18535
26206 10143 36825
26210 15362 36825
26213 6146 6876 36825
67176 27333 27334
9839 9840 36825
9840 28898 31365
26229 5965 38349 27333
26231 7693 38356 36888
26232 6070 6592 36825
26233 6209 27334 27333
26234 5991 36825 35412
26236 7535 27334 36826
9853 7409 35412 36825
26237 6209 27333 27334
26241 6292 36825
26242 7738 36825 36852 36826
26245 10297 36825 27334 35412
34438 6415 8047
75400 27333 48962
75402 27333 35412
26251 6035 7187 35412 27333
26252 13595 36825
26253 6035 7060 36826 27333 35412 36825
42636 27333 35412 36841
9871 11268 11642 27236 29325
26255 6929 36828 36826
26256 10675 36851
9875 13410 21246 22249 26591 26947 27959 36013
26259 5951 6044 36825 35412
26262 5935 6391 36825
26268 6472 10505 35412 36825
26270 5946 36825
67231 27333 36825 36826 36877
26272 5967 27333 37429 36888
67232 27333 27334 36841
26275 5939 36852 36825
26276 6035 36826 27333
26279 6016 26280 27334 35412 27333
26280 26361 27586 28202 29786 35801
26284 8127 36825 27333
26285 6597 7060 36825 35412
26287 6035 6663 7060 36825 35412 36826 27333
26288 6034 36825
26289 36826 36825
26290 7136 8047 36825 36841
26292 7698 36825
26295 36825
26296 5967 7693 36888 38356
26297 10143 36825
26298 5939 6663 27334 36846 36825
42682 27333 36826 36926 38315
9916 5939 6000 36825
26301 6661 7217 19284 20850 22763 23365 27209 28673 30219
26304 5943 12668 35412 36825
26307 10517 18535 36825
26312 6472 7136 35412 36825
26313 13408 35412 36825
42698 36926 38315 39128
26315 6070 18535 36825
75471 27333 27334 36826
26320 10915 36825
34513 5949 7097
26326 27334 27333
26330 6530 7133 35412 36825
26331 6024 14266 36825
26332 35412 36825
75484 27333 27334 35412
9950 6228 9951 36825
9951 20227 26415 28002 28422 28692 29141 29394
1760 1781 1946 2419 2428 2538 3862 4213 4423
26336 5965 6597 10517 12495 36825
26337 5946 6095 36825
18151 7626
26343 5935 6877 36825
26345 27334 36825
42728 27333 37236 37768
26347 36825 37322 27334 36826
26349 26564 29432 30219
26350 5935 10143 11723 36825
26352 6472 6896 35412 36826
26356 26357 36825
1781
26357 28042 28386 29293 29764 32650 32678
18167 10463
34551 6108 6473
1785
26361 6016 21214 27333
26363 15182 36825 36841
18172 6034 10466
44317 36877 36918 36935
26367 13688 26368 36825 36852
9984 5943 9985 36825
9985 6999 7026 7105 7106 26600 27634 28500 14214 29332 21165
26368 10335 28109 29056 35861
75519 27333 36826 36875
34572 5965 21413
42767 36846 36908 36935 37473
26385 6095 6926 36825
34581 5951 6169
26390 6209 27333 27334
34583 6530 6597
26392 5927 36825 35412
34585 5965 6597 10915
42773 27333 27334
26395 6016 8127 27333
10018 6556 6557 36825
42792 35412 36825 36841
26410 6468 36825
26413 35412 36908 36825
26415 36825
26416 6108 36825
26417 10737 36825
26419 36825
26422 5946 36841 36825
26423 6564 10511 36825
10040 6376 7525 36888 36889
10041 6376 36889 36888
10042 36825 36826
10043 6622 36825 35412 27333
26424 5965 36825 36852
26427 6076 36851
10046 6022 27333 27334
10047 5967 36888 36889
26432 10511 36825
34617 15362 18518 21413
34630 6035 7060 13924
26439 10675 36851
26440 6472 26441 35412
26441 26583 29501 30222 35340
18253 14265
10062 5967 27334 36888
26445 6059 36825 35412
26446 6894 37429 27333 36825
26448 6035 36825 27333
42835 36825 36841 36850
26454 6020 36825
26456 6954 36825 27333
10073 7187 27333 35412
10074 7274 36826 35412
10076 27333 36825
10077 6929 36828 36826
26462 5951 7738 36825 36852
75616 27333 37101 37306
75620 36826 36918 38349
26469 10915 36825
34662 6035 6597 7060
10087 7274 27333 36826
42854 27333 36825 36851
10090 36857
26474 6969 36825 36841
10092 36825 35412
34666 6472
26478 10915 36825
10095 5967 36888 36889
34667 6034 27367
67436 35412 36826 36857 42806
10098 10099 52040 36888
10099 11104 13128 13811
26483 35412 36825
26485 6371 36825
10102 7016 36888 36889
26488 6095 12024 14716 36825 27334
26489 6415 6597 7060 35412 36825
26490 6328 27333 35412 36825
26491 6472 14716 35412 36825
75643 27334 36875
26493 11723 36825 36841
18303 5967 8054
26496 27333 36826 37473
26503 7274 8047 36825 36841
26507 7738 35412 36852 36841
26508 6929 36828 36826
75664 36826 36875 38315 39128
26516 6035 36825 36841 27333
26517 5951 6468 36825
34708 6016 6288 6940 7680
1946
10142 10143 36825 36841
10143 6039 15702 27754 28033 28605 28735 29298 15622 36195
26526 6929 36828 36826
34721 5939 6371 7738
26530 7333 7738 36825 36852
10147 36825 27333
26533 6328 36841 35412 27333
26537 10792 22867 36825
10156 10915 10505 36825
1967 1968 1969
1968 2108 4402
1969 2108 4402
10167 6211 36825 35412
10168 5939 36851 27334 36825
26554 6929 36828 36826
26556 7197 37101 27333
26557 5935 36841 36825
26563 15798 36841 36825
26564 12024 36825
10187 5965 36825 36851
26573 10675 36851
26575 5949 6704 36851
26578 6169 7738 36825 35412 36852
10195 7016 36888 36889
26581 36825
26583 6111 26584 26585 35412
26584 29501 30222
26585 26797 29351
26588 7043 36825
26591 10297 35412
26594 6328 6472 6919 36825 27333 36852 35412
10211 5986 36825
26599 36825
26600 6556 36825
52506 36825 36841
10220 6111 35412
26606 6166 6169 36825
10225
26609 10242 36825 35412 36826
10228 6940 27333 36841
34807 5951 18518 27367
26618 6182 36825
26619 5951 5976 36825
26622 6016 6894 7680 27333
10242 6689 28791
26626 6209 27333 27334
10244 7016 36888 36889
26629 6035 27333 27334
75780 27333 27334 36835
34827 6035 6111
26643 6016 6894 27334 27333
10260 6252 36841 35412
26646 5965 6597 10517 36825
26647 7698 21413 36825
26649 6211 35412 36825
10266 37429 36825 37851
26656 27333 27334
10273 5967 36888 36889
26658 36825
26659 6146 36825
10276 6044 36825 27333 38673
10277 37237 36877 36918 36825
26661 6929 36826 36828
34852 6472 27095
10284 6016 8127 27333
10285 5935 5951
26671 36825 35412
26673 6035 7060 36825 27333 35412
10290 6063 36825
26675 6035 7060 27333 36825 35412
10293 5946 27333 35412 36825 27334
10297 6534 15630 15749 23128 26764 27867 28171 29485 36013
10299 6057 37113 36826
2108
26683 6182 18535 36825
26688 35412 36825
26689 13031 27333
26691 6211 36825 35412
26694 5951 35412 36825
10313 6622 36825 36918
26697 6929 36828 36826
10315 6057 27333 36826
34889
10317 5943 10318 36825
10318 11944 12684
26703 6919 12842 36825
10321 6022 35412 27333
26705 6034 36825
18517 6169 18518 23035
18518 27158
26710 6530 18535 36825
10330 37101 27333 35412 36851
26715 6059 6450 36825 35412
10335 6906 36825 36826
34911 6035 6111
26721 6328 27333 36850
26723 6472 6896 7284 35412
18535 6309 6537 15756 22698 26780 27442 27485 28947
26728 6682 27334 27333
26732 5943 6459 36825
26733 5949 7097 36851
10352 5981 36825
10353 6929 36828 36826
26738 6871 36825
10355 37237 38241 36826
26741 5939 12172 36825
26742 6193 36851
10359 6472 35412 27333
26744 6211 35412 36825
34936 5951 6472 7136
26747 6035 6472 35412
26749 6284 35412 27333
26752 6182 6530 36825
10372 7365 36825 36841
34949 8047 15798
34951 6111 7298
26760 5965 12668 27334 35412 36826
26764 6035 36885 36825 27333 35412 37306
10388 36841 36825
26780 15170 36825
10401 5951 36852 36825
10402 5951 36825 35412
67748 27333 36826 38349
75945 36825 36826 37081
26797 6035 36825
10427 7738 36852 36825
26813 6108 36825
35006 5960 6559
26820 5951 7738 36825 36852
26821 7043 36825
67782 27333 37429
75980 27333 36825 36910 37473
26834 6158 36825 35412
26836 5965 21413 35412 37345 36825
10459 6472 35412
35036 6158 6472 7187
10462 6016 6111 6940 10463 35412
10463 11956 14379 14385 14658 20735 22249 23128 27105 27422 28335 28899 28944 28961 28979 29217 14488 29959 31615 32225 20287 22091
10464 7008 36826 35412
35041 5935 6063 6843
10466 21814 21935 28401
10467 5965 36841 36825
26852 6111 35412
67811 36825 36826 36846
10471 6292 36825
26860 5951 36825
60699 27333 36825 37429
26869 6070 12024 36825
26873 6016 26874 27333
26874 27578 30887 36131
26877 6984 36825 27334
10496 30047
35074 6530 6597 10511
26883 5951 36825
76036 36826 37684 39518
10504 10505 36825
10505 27743 27952 27967 29438
76043 27333 35412 36852 37101
10511 6825 26974 27620 27991 28906 29026 29042 29043 29440 35710
26895 6146 36825
26896 6233 27333 27334
76047 36877 36918 37237
10517 6665 10658 23688 26922 27547 27661 29263 29664 14967
26903 7151 36826 27334 27333 35412 36825
10520 6063 6290 7626 36825
10521 7693 36888 38356
26905 6184 27334 27333
26908 5965 35412 36825
26911 6022 27334 27333
35105 6182 15170
10533 36885 37101 36826
26918 27333 37101
26919 6108 27334 36825
26920 6146 6556 36825
10538 6035 6038 14265 10792 36825
26922 6597 36825
10540 6332 36826 36877
26926 6929 36828 36826
26931 36825 35412
26932 6108 36825 27333
26936 6929 36826 36828
67900 27333 27334 37101
26943 6376 36888 36889
26947 12024 36825
26952 6182 7360 36825
42806 42807 56850 60542 77860 78403
26955 7033 15798 36825 35412
42807 27333 36826
26959 36841 36825
26961 6459 36825
10579 5939 6000 36825
26964 6929 36826 36828
51539 27333 27334
26966 6919 35412
10587 6684 7800 27689 13871 13872 29263
26974 36825
26976 6472 6919 35412
10596 5943 36825
26980 6535 36877 36918 36825
10598 6877 36825 27334
26981 6926 36825 36826 35412
26988 6111 26989 35412
26989 27186 27592 35340
2414
10606 5967 36888
26993 5965 36825
2419
26995 6597 6871 36825
18805 27867 28067 28707 31200
26999 6000 36825 27333 27334
76153 27333 36826 48962
27003 6076 6741 36851
2428 2430
27004 6000 7738 36852 36825
2430 3894 4213
10626 5967 37237 36889 36888
27015 11606 36825
27016 36825 37322
27017 6391 15362 36825
27018 16343 36852 36841 36825
27019 6926 11518 36825
67976 27333 36825 36841
27025 7362 36826 27334
27026 5943 36825 27333
76180 27333 36877 36918
27032 5943 36825
10649 7197 37101 27333
27033 6597 12495 36825
10652 6535 36918 36877
10653 7738 36825 35412
10654 6035 7060 35412 27333
27037 5951 7133 7738 36826 36825 36852
10658 36825
10662 36851 35412 36825
27048 6035 27333 27334
10665 36825 35412
10666 6038 6765 36825
18859 5965 6765 15611
10668 6472 35412 36825
27049 36841 36825
27050 6016 6743 27333
27052 5939 38610 36825
27053 5981 36825
10674 6741 10675 36851
10675 27096 27138 27139 27140 27141 27142 27143 27144 27145 27147 27159 27164 30651 32505 35617 36212
10676 5965 6000 36825
27059 6328 6472 7409 35412
68022 27333 37081 65167
27063 27334 27333
27067 6111 35412 37429 36826 37213
27070 27071 36841 36825
27071 27327 27937 28090 30606
27072 6473 35412 36825
27075 35412 36825 27333 36826
27078 6787 7043 36825
10698 6472 27333 36825 35412
27085 6016 27333 36825
35278 6016 6332 6535 6768 15886
10703 6038 36825 37473
10705 6016 36841 27333
27090 15798 27091 36825
27091 11905 32383
10708 36826 36846 36841 36875
10710 37237
10711 37237 37851
27094 27095 35412 27333
27095 27293 28478 32564
27096 36851
10716 5943 36825
27100 7060 35412 36825
10721 6415 35412 36825
27105 15170 36825
10725 7016 36889 36888
27111 5967 36888 36889
2538
27115 6034 27334 36825
10732 6228 36825 36841
68079 36826 36841 36857
10737 11041 11548 13049 14355 22470 27345 27361 28024 28295 11594 28440
10738 6765 37322 36825
27124 5951 7133 36825
27129 36825 35412
27130 36825 35412
27131 7535 37081 27333 27334
27134 6209 27333 27334
27138 36851
27139 36851
27140 36851
27141 36851
27142 36851
27143 36851
27144 36851
27145 36851
72151 36826 36843 37345
27147 36851
10764 5943 10765 36825
10765 11956 13691 14358 22145 23288 27877
27149 5939 38610 36825
35340 6111
51729 27333 27334 36826
27158 6169 23035 36825
27159 36851
27161 6470 10915 36825
51739 27333 36885 37101
27164 6128 36851
27166 6926 36825
10784 5951 6169 36825
27174 6016 6035 27333
10792 6245 28960
27176 6034 36826 36825 38349
27178 7698 36825
27179 35412 36825
27181 7360 38349 36825
27186 5951 6016 35412 27333 36825
10803 6328 37473 36826
27187 6564 35412 36825
27188 13046 27334 27333 36852 36826
27190 5943 7365 36825
27191 6472 15362 35412 36825 36885
27192 6403 36825
10809 6095 36841 36826 27333 36825
27195 6371 36825 36879
27199 35412 36825
68163 27333 35412 37684
27205 6894 36841 36826 27333 27334
27206 6535 36877 36918
27209 7738 36825 36852 36826
27210 6182 36825
10827 36825 36841
27212 5967 36888 36889
27215 36825 36841
27217 36825 38610
10835 35412 36826
35412 5987 5989 6039 6058 6110 6112 6117 6142 6168 6183 6187 6210 6230 6299 6317 6380 6425 6534 6548 6584 6588 6591 6610 6619 6670 6680 6686 6719 6731 6748 6753 6773 6778 6863 6908 6923 6946 7017 7057 7059 7088 7121 7217 7296 7335 7339 7420 7467 7476 7541 7545 7558 7572 7578 7583 7610 7618 7640 7651 7664 7786 7812 7839 7907 7908 8041 8167 10840 10842 10852 10876 10904 10979 10981 10986 11064 11074 11135 11265 11373 11374 11375 11410 11430 11441 11465 11475 11553 11563 11573 11585 11594 11616 11654 11690 11794 11818 11823 11880 11893 11916 11956 11959 12045 12051 12061 12090 12113 12119 12120 12127 12151 12171 12189 12191 12463 12607 12630 12636 12641 12659 12714 12735 12738 12819 12834 12998 13030 13076 13090 13208 13215 13293 13324 13383 13392 13401 13410 13500 13597 13633 13636 13639 13641 13701 13727 13750 13769 13838 13878 13923 14003 14045 14129 14147 14170 14226 14247 14267 14272 14276 14304 14340 14346 14363 14364 14370 14376 14385 14429 14430 14443 14513 14527 14551 14559 14574 14587 14598 14658 14672 14732 14765 14813 14817 14829 14844 14862 14864 14927 14965 14966 15037 15062 15072 15100 15107 27233 27252 27272 27277 27280 27293 27313 27351 27370 27379 27422 27440 27443 27445 27477 27492 27530 27549 27552 27554 27581 27583 27585 27588 27592 27613 27632 27639 27665 27679 27682 27695 27698 27701 27716 27722 27749 27760 27773 27777 27783 27788 27789 27790 27796 27816 27819 27825 27826 27841 27843 27861 27867 27872 27877 27883 27894 27897 27927 27932 27942 27952 27959 27967 27974 27975 27984 27986 28008 28025 28040 28048 28067 28078 28084 28085 28094 28116 28117 28123 28128 28132 28138 28171 28189 28206 28211 28218 28251 28254 28265 28273 28292 28304 28321 28335 28336 28349 28353 28380 28391 28400 28413 28415 28417 28444 28447 28450 28473 28478 28484 28521 28522 28562 28563 28572 28579 28589 28608 28619 28625 28631 28636 28647 28650 28669 28679 28719 28722 28747 28754 28796 28813 28816 28839 28844 28851 28854 28863 28866 28885 28899 28901 28937 28938 28941 28944 28961 28964 28977 28979 28981 29010 29019 29044 29059 29064 29077 29090 29118 29121 29122 29125 29130 29133 29168 29183 29186 29217 29267 29285 29289 29294 29302 29303 29340 29347 29351 29353 29361 29420 29421 29426 29485 29501 29518 29538 29552 29554 29614 29627 29644 29652 29676 29686 29697 29700 29712 29718 29731 36824 36884 36907 37115 37431 37539 37551 37667 37800 38151 38287 38859 38996 39231 39281 39402 39471 39485 39732 39803 39884 40070 40118 40137 40145 40162 40232 40262 40806 44309 44315 44316 44350 44445 44900 44923 45276 45363 45413 45595 45637 45661 45676 45686 45786 46209 46210 46260 46986 47021 47049 47092 47158 47168 47176 47179 47180 47310 47325 47438 47441 48020 48176 48229 48598 48674 48931 51834 51835 51852 51974 51976 52027 52049 52294 52386 52731 53519 54120 54148 54603 54998 55469 55689 55913 55976 56013 56057 56831 56938 57313 60542 60663 60705 60793 60843 60892 61335 61478 61597 61970 61978 61980 62094 62382 62777 62862 63080 63583 63832 64422 64693 64696 65208 65490 68484 68498 68623 68648 68787 68827 69020 69798 70407 70672 71483 71546 72652 73133 73548 73551 73590 73634 73688 76451 76822 77457 77970 78004 78059 78096 78372 78403 78736 79107 79154 79202 79365 79412 79428 79600 79608 79712
10838 5935 36841 36825
10840 5965 36825
10842 5965 36825
10843 5939 36825 36826
27227 27334 36825
27229 6034 36825 36826
27232 6597 6926 36825
10849 5949 36825 36851
10850 10851 36825
10851 7647 12539 13049 14586 15622 15702 15764 22470 28004 28855 29684 31330
10852 36825
27233 5951 13575 36825
27236 6597 12495 36825
27242 5965 36825
10859 36826 36825
10860 5939 27333 27334
27247 36825
51827 27333 36875 37101
27252 5965 36825
27256 27747 28941 29959
10874 7016 36889 36888
10875 5939 6622 36825
10876 6556 36825
35450 6530 6597
35453 6016 21214
27263 6000 36852 36825
51834 36826 37101 37306
10881 6450 36825 27334
51835 27334 36825
27267 7738 7998 36825 36852
27268 7738 36825 36852
10885 6957 7738 36852 36825
27270 5943 6459 36825
51844 36826 36918 36935
27272 5965 21413 36825
51845 27333 27334
10890 5946 36841 27334 36825
27276 6035 27333
27277 6016 36825 27333
51852 27333 36831
27280 5946 7409 27281 36825 27333
27281 27619
10904 36825
27292 5943 6674 36825
27293 6095 6468 7060 36825
51872 27333 36825 36841
27298 5986 6597 36825
10915 11023 11078 12127 12171 13588 13619 15998 19264 21081 22355 22573 27315 27324 27611 28336 28440 28605 13533 28943 13725 29291 29298 29718 15096 31330 31979 32381 36174 36271
76451 36825 37306
27301 11606 36825
27308 27334 36825
35502 8160 14890
27311 6894 13734 15362 36825 27333
27313 6592 36826 36825
27314 6108 6877 36825
27315 5951 36825
27316 6371 6564 8008 36825
27324 36825
51901 27333 36851
27327 36841
27328 5935 36825 36841
27330 5943 6459 10961 36825
27332 6209 27333 27334 36825
27333 5947 6015 6112 6183 6232 6245 6286 6303 6346 6386 6395 6396 6534 6591 6595 6636 6652 6655 6681 6692 6709 6731 6738 6742 6773 6845 6925 6937 6948 6952 6983 7017 7059 7099 7110 7170 7189 7196 7273 7337 7339 7342 7348 7492 7514 7518 7536 7539 7557 7559 7572 7640 7649 7664 7676 7679 7744 7904 7936 8126 8150 10995 11005 11064 11070 11074 11376 11430 11535 11538 11662 11695 11737 11829 11880 12119 12121 12132 12151 12152 12224 12227 12258 12259 12279 12310 12405 12413 12463 12472 12501 12630 12695 12698 12709 12725 12733 12738 12805 12814 12831 13030 13065 13067 13087 13118 13195 13208 13302 13383 13438 13500 13515 13589 13597 13702 13714 13727 13732 13735 13769 13834 13844 13961 14001 14009 14045 14047 14054 14075 14169 14170 14217 14247 14281 14369 14384 14403 14430 14432 14443 14449 14467 14491 14527 14551 14577 14587 14592 14609 14654 14662 14691 14741 14765 14817 14829 14869 14876 14915 14916 14965 15021 15037 15042 15058 15069 15093 15107 15127 36930 37018 37030 37042 37115 37290 37321 37360 37421 37428 37431 37439 37622 37631 37664 37795 37800 37850 38299 38342 38668 38818 38859 38864 38984 39008 39231 39232 39289 39306 39323 39336 39339 39361 39375 39388 39402 39404 39407 39430 39471 39485 39721 39740 39757 39863 39937 40051 40073 40084 40124 40139 40145 40209 40410 40415 40722 43844 43854 43910 44309 44316 44329 44345 44359 44364 44434 44506 44535 44664 44702 44923 44929 44971 45009 45032 45100 45149 45261 45268 45276 45280 27379 27406 27408 45410 27422 45458 45606 45653 45661 45667 45699 45829 46129 46245 46260 46266 27530 27539 27549 46971 27554 47041 47049 47092 47124 27578 47168 27582 27583 47175 27585 47179 47180 27586 47201 47237 47250 47278 27611 47438 47441 47460 27632 27639 47541 47544 27680 47757 27695 47894 47952 27701 48161 48176 27705 48229 48309 48377 48517 48536 48580 27728 48598 48645 48753 27743 27749 48880 48916 48919 48981 49006 49034 49104 27765 27777 27783 27816 27826 27850 27870 51917 51976 51978 52019 52027 52033 52049 27894 27902 27909 27910 52225 52269 52280 52294 52379 27932 52427 52428 27936 52632 52677 52681 52684 27952 52728 52762 52782 53085 53096 53097 53121 53130 53459 27977 27978 53676 54120 54442 54481 54674 54993 54998 27998 55601 55662 28006 28011 28012 55976 28015 56013 56035 56057 56071 28029 56180 56225 56415 56474 56605 56670 28096 56740 28119 56831 56850 56899 56900 56909 57014 57120 57129 28157 57149 57176 28186 28189 57275 57281 28202 28207 28215 57325 57337 28254 28292 28305 60542 28312 28313 60737 28338 60892 60896 61226 61227 61597 61889 61970 61978 62362 62374 62382 62399 28404 62718 62720 62723 62777 62821 28413 28415 28421 62862 28438 62903 62982 63026 63079 63090 28462 63583 63832 64422 28492 64693 64786 64914 65159 65166 65170 65191 65208 65234 65241 65264 65490 28550 28558 28560 28632 28667 28679 28686 28761 28774 68484 68546 68549 68555 68771 68787 68827 69009 69052 69296 69318 28816 69372 69506 69579 28851 69798 70908 70931 28893 71885 72280 28933 72585 72696 72731 28999 72953 29008 72998 73133 73168 29037 73212 73244 73254 29074 29077 73548 29090 73561 73567 73571 73613 29118 29122 29133 29183 29251 29267 29323 29333 29340 29347 29363 76736 76822 76832 76906 29411 77418 77541 29424 77562 29426 77578 77774 77808 77847 77860 77879 29471 77916 77978 78003 78021 78032 78054 78084 78133 78135 78372 29552 78403 29559 78439 29589 78609 78616 29614 78638 78650 29631 78665 78678 29637 29638 78778 78788 29649 29652 78813 78834 29670 78883 29677 79101 79154 79255 79268 29686 29700 79431 79451 79458 79509 29730 79578 79579 79680 29760 79786
27334 6232 6286 6386 6395 6396 6534 6637 6681 6692 6709 6710 6750 6773 6845 6892 6933 6948 6983 7086 7099 7124 7170 7201 7326 7337 7348 7557 7606 7649 7676 7748 8039 8150 11006 11014 11070 11376 11535 11538 11823 11880 11896 12119 12121 12123 12132 12227 12413 12477 12655 12698 12725 12814 13076 13195 13591 13727 13761 13793 13961 14047 14217 14430 14449 14592 14654 14869 14915 15042 15045 15064 15069 36930 37018 37256 37360 37421 37428 37431 37472 37539 37547 37631 38283 38287 38659 38859 38984 39008 39216 39232 39238 39281 39289 39306 39323 39339 39388 39404 39407 39728 39757 39863 39866 39884 39937 40051 40073 40084 40106 40124 40137 40139 40162 40209 40722 43854 44309 44329 44348 44364 44506 44664 44702 44923 44929 45032 45100 45124 45149 45276 27422 45458 45598 45676 27477 45786 45810 45882 46245 46251 27539 46448 47124 47168 47180 27586 47278 47325 27619 47441 47460 27653 27680 47678 47789 48020 48161 48176 48229 48377 27731 48640 48645 48674 48916 49102 49104 27768 27796 27816 51949 51978 27897 27910 52225 52269 52294 52643 27945 52677 52681 52731 27961 53130 27977 54442 54603 55601 55648 28000 56071 28020 56180 28052 56381 56474 56605 56670 28094 28096 28119 28132 56899 56900 56983 57122 57129 57176 28189 57281 57284 57325 28220 57337 28292 28300 28312 28313 60737 60793 28337 28338 61226 61227 61597 61889 61970 62094 62374 62382 62719 28446 63079 28484 64422 28492 64693 64786 28520 28521 65166 65241 28558 28577 28595 28625 28657 28667 28716 69051 69372 28851 69798 69903 70908 70931 71483 28981 72937 29008 72998 73133 29037 73212 73233 73567 73634 29108 29113 29123 29148 29171 29267 29280 29340 29344 76906 29424 77562 77847 77878 77879 29471 77916 78003 78021 78032 78054 78059 78084 78096 78133 78135 78439 78609 78616 78638 78650 78665 29637 29638 78788 29649 78813 78834 29670 79101 79148 79255 79451 79458 79578 79608 29760 79786
35524 6035 6597 7060
27338 5951 7136 8047 36852
10955 6201 6245 21935 27405 27596 27873 29235 30179
51917 36885 37429
10959 6787 10960 10961 36825
10960 14316 36141
10961 11074 27388 28076 28971 29253 29535 14856 31165 36141 36251
27345 36825
10963 7016 36857 36889
27346 6146 36825
27349 6332 36918 36826 36877
35542 5991 6663
27351 7409 36825
10977 36826 36825
27361 36825
10979 6530 7060 36825 36826
27364 6597 12495 36825
10981 6197 36935 36918
10982 6105 6180 6332 36935 36877 36918 36826
27366 6095 27367 36826 36825
27367 28377 28735
10986 6518 36841
27370 6328 6472
51949 36826 37429
10991 6533 38181 36888
27375 11723 36825
10993 36825 36852
10995 6288 38854 37101
27379 6035 7060 36825
35579 11606
27388 36877 36826
11005 5946 36825
11006 5965 36825
27389 5981 36825
51966 36825 36826 36850
19201 13274
11011 6473 36825
27395 6182 21756 36825
35589 6070 6592 11518
11014 36825
51974 36825 37101 37306
27400 6034 6674 36826 36825
51976 36826 36831
51978 36826 36850
27405 5935 36825
27406 6016 13046 37101
11023 5943 6066 36825
27408 6057 36826
27411 6929 36828 36826
19220 5939 5951 12751
11029 5943 36825
27414 5946 13774 36825
27416 5946 36852 36825
27417 6876 36825
27421 5943 36825
27422 36825 36885
19231 5951 7738 12683
35613 6016 6035
11041 36825
35617 6616 14619
11045 8047 11046 36825
11046 12113 13654 21814 31353
11056 6535 36877 36826
27440 6211 36825
27442 5939 36825
27443 6044 36825
11060 6034 36825
27445 6468 7060 36825
52019 36826 37473
27447 6146 36825
11064 6035 36825
11065 8047 36825
52027 36826 38349
11070 37345
11072 5939 36826 36825
19264 7360 15645
11074 36826 36877
27456 6597 36825 36841
43844 36826 37101
52033 36826 36835
11078 6158 7360 36825 36826 36831
52040 11104 13128 13811
27467 5935 36825
43854 36843 37101
52049 36825
27474 6024 36825
35666 5939 5951
19284 6906
27476 7552 39867 36888
27477 36825
27479 7133 36825
11098 6228 36857 36825
27484 6076 6154 6741 36825
27485 11723 36825
52063 36825 36826 36846
11104 36888
27492 36908 36825
27498 7738 36825 36852 36841
27500 6929 36826 36828
27505 6877 36825
27507 7738 36852 36825
27515 7698 36825 36968
35710 6530
11135 38349 36825
27520 7274 8047 36825
68484 37101
43910 37101 38673
27530 6016 6050
27533 6765 36851
27535 6403 36825
27536 5951 8008 36825
35729 5998 29582
68498 36825 36908
27539 6035
43927 57176 60663 64809
27547 5965 36825
27549 6035 7060 36825
27550 5939 23689 36825
27551 6530 6926 36826 36825
27552 7151 36825
27554 6016 6035 37473 36826
27557 7284 8047 36825
27558 6095 15798 36825
27561 5981 21413 36825
27562 13031 21583
27566 7738 36825 36852
35764 5935 5951 6843
27574 6024 7738 36825 36852
27578 6016 6035
27580 6292 36825
27581 6896
27582 8127 36825
27583 6288
11200 6470 36825
27585 6016 6035 7060
27586 6016
68546 38865 55111 62797 65167
27588 36841 36825
68548 36826 36885 36908 37101
68549 37101 38673
76736 36910
27592 6472
35785 5951 7738
68555 37101
27596 5951 7738 36826 36852 36825
27597 5967 36889 36888 39250
35789 6597 12495
27605 5939 5965 36825
19414 6095 6169 6228
35801 6016 8127
35802 6195 6252 15798
27611 12172 36841 36825
27613 6472 8047 36908 36825
27617 36825
27619 36875 36826
27620 11518 36825
27621 6929 36828 36826
27632 7274 36826
27634 5943 7365 36825
27639 6035 7060 7798 36852 36825
27640 6415 36826 36825
19451 6562 6768
27643 6146 36825
44032 36826 36846 36875
11265 5965 6108 6765 11617 36825
27649 6146 6876 36825
27651 6387 8160 36825
11268 36825
27653 6038 36825
27654 36825 36826
52225
11272 6158 36825
27658 15182 36841 36825
27661 36825
68623 36826 36908
27665 5981 36825
27668 5981 36825
35861 8047
76822 36826
27673 6182 36825
27675 5951 5991 36825
27679 36825
27680 7274 7535 36826
76832 36825 36843
27682 7698 36825 36826 37684 36841
27686 36825 36826
68648 36825 36841
27689 36826 36825 37306
52269 36826
19502 5943 6468 6876
27695 7274 36826 36841 36825
27696 5927 37429 36825 36826
35886 6016 7197 8127
27698 6756 36825
27700 12172 36825 36826
27701 36908 36825
52280 36826 36875
27705 6035 36825
35897 5965 6597
35902 6473 6597 15611
27716 6044 36825
52294
27719 6597 36825
27722 6472 36825
35914 6095 13031 21583
27728 6022 36825
27731 6108 36825
11348 11349 36825 36841
11349 14987 15173
27733 11518 36825
27734 6597 6926 36825
27740 7274 8047 36825
27741 5943 6182 36825
27742 36825 36826
27743 6468 6919 36825
27744 15182 36826 36825
27747 36825
27749 6035 7998 36826 36825 36851
27752 6530 6597 36825
27754 6108 36825 36826
76906 36826
11373 5951 36825
11374 5951 36825
11375 6095 36825
11376 6035
27757 5939 36825 36826
27759 5935 6391 36826 36825
27760
27762 8047 13790 36825
27763 5951 6344 36825
11382 6447 36850 36825
27765 6768 36826
27768 5967 6984 36888
27769 5965 6530 36825
35953 5939 5965
27771 11388 36825 36841
11388 7080 28868 30855
27773 7360 36825
60542 36826
27777 6111 36825 36826
35973 5951 6035 7998
27783 7274 36826 36825 36841
27788 7151 36825
11405 36826 36875
27789 5951 36825
27790 5951 36825
27792 15886 36841 36825
27793 6044 36825
11410 6158 6564 36825 36826
27794 5946 6024 36825
27796 7187
35980 6111 6468 7060
52379 36826 36843
11420 5967 36889 36888
11421 36875 36826
27808 6169 36825
52386 36841 37851
68771 36826 37306
11430 6195 36918 37101
27816 36826 37306 36825
27819 5988 7126
27820 27821 36825 36826
27821 11612 28869
36013
11441 36825
11442 6182 6556 12172 36825
11443 5946 11723 36825
27825 36825
27826 6035 6597 7060
11446 5951 12172 36825
27830 7136 7333 36825
36019 5935 6063 6843
11449 36918 36825
68787 36841
27838 5943 36825
11455 6038 36825
27841 36825 36841
27843 5988 36825
11465 6391 36825
11466 36875 36826
27850 6016 6035
52427 37101 37429
52428 36885 37101
27854 7016 36889 36888
11471 36852 36825
11475 5965 36852 36825
27861 6111
36054 7409 15798
27864 6530 21413 36825
27867 27868 36908
27868 29627
68827 36825 36826
27870 7094 36826
27872 5951 6169 13575 36825
27873 5951 6169 36825 37322
27875 6530 36825
27877 36825
27879 7535 36825
36071 6371 6472 15196
27883 6877 36826 36825 36846
27886 5939 38610 36825
27893 5946 36825
27894 6894 6919 36875
60663 36831 36850 36857
27897 6387 36825 36826
27898 12842 36825 36826 36841
27901 5943 36825
11518 14486 30459
27902 6535 36935 37851 36826 36877
36097 6016 6895
11522 36875 36826
27909 6022 36826 36918
27910 6535 36877 36826 36918
11527 5943 36833 36825
27913 6018 36841 36825
11531 13795 13909 14149 14150 14193 15359 28290 11944 12684 15095
27915 6929 36828 36826
27918 36825 36826 36841
11535 6108
11538 36826
27923 5939 37322 36825
44309 36825
27927 5951 6169 13575 36825
11546 5951 7333 13703 36825
27931 6530 6564 36825
11548 6954 36825
27932 6035 7060 12308 36908
27934 6182 36825
44315 36825 36852
27936 7274 36826 37684
11553 5965 36825
27937 36841 36825
36131 6016 6111 6288 7680
44316 36885
27941 16343 36851 36825
27942 36825
60705 36826 38315
27945 5976 36825
44329
11563 7060 36825
27948 7054 36825
27949 36826 36875
36141 13062
27952 36825 36826 36851
36144 6182 6597 12495
11571 6095 36857
11573 7054 36841
27958 6034 36825 36826
11575 7016 36888 36889
27959 6472 7798 27960 36852
27960 28025 30552 32346
27961 36825
44345
27964 5951 6169 36825 36841
44348 36825 36885
44350 39217
27967 6919 36825 36826 36851
27968 6318 6694 36851
11585 6473 7626 36825
60737 36826
27973 6034 36825
27974 6896 36908
19783 5967 6314 6768
27975 5965 36825
27977 36826 37101
11594 36825 36826
27978 7274 37473 36826
44359 36933
11597 5949 36825 36851
36174 6182 6765
44364
27984 6415 36825 36826
27985 5943 36825
27986 36825 36826
27988 36851 36825
27989 6339 36825
11606
27991 36825
27994 6597 12495 36825
27995 8187 36848 36910
11612 5965 6597 36825
27996 5951 6344 36825
27998 6016 8127 36825
11616 11617 36825
11617 13392 28417 28650 28754 28844 29731 32766
28000 5939 36825
28002 36825
28004 36825
36195 6877
28006 6894 37101
28007 6929 36826 36828
28008 6472 36826
11625 5951 36825
44388 36826 37684 39518
28011 6894 36825
28012 6035 36841
28015 36825 36826 36885
28017 5951 36825
28019 6415 7698 36825
28020 6057 36825
36212 6128
28024 36825 36851
28025 36825
11642 36825
60793
28029 6034 6035 36825
28030 5939 6000 6969 36825
28033 36825
28036 6070 6328 36825
11654 36825
28040 5943 36825
11657 5967 36889 36888
28042 36825
36234 6022
11662 36885 36825
28048 5965 36825
28049 15196 36825
36240 5949 6704
36241 6035 6597 7060
28052 5929 36835
44434 36825 36826 36846 37429
52624 36825 36835 36841
69009 37101 37429
52632 36826
36251 6339 6459
69020 36825 38646
36253 6016 6895 21214
44445 36825 36826 36877 36918 37851
52638 36857 37473 38646
28067
52643 36877 37237
11690 36825 36852
60843 36826 36918
28076 6530 36825
28078 6000 36825
11695 36826
36271 12172
36272 5965 7698 21413
28084 36825
28085 36825
36277 6768 6919
11704 5943 36825
28090 36825 36841
69051 36826 37306 37345
69052 36826 48871
28094 7136 36825
28096 6209
52677 36826 36910
28105 5943 36841 36825
52681 36848
11723 28421 28947 29325 24039
52684 36825 36826 36877 36933 37306
28109 6024 36825
28111 5946 6663 22867 36825
28116 7187 36841 36851
28117 7136 36852
28119 36851
11737 5935 8047 36825
44506 37101
11739 5965 37237 36825
28123 6000 36825
19933 5965 6765 21413 21049
60892 36826 36885
28128 5976 6756
60896 36825 37345
69090 36825 36850 36851
28132 36825 37429
28135 8047 13408 36825
44519 36826 36918 36935 37851
28138 6332 36935 36826 36918 36877
60907 36826 36857 38646
28141 7998 28142 36825
28142 13593
28147 6211 36826 36851 36825
44535 36826 36831
52728 37101 37306
52729 48962
28155 6597 36825 36850
52731 37473
28157 37473 36826
11779 36841 36825
11781 5965 36825 37237
28170 7060 36825 36841
28171 36826
11790 36825
11794 36825
28186 6022 36826
52762 36826 37101
11805 6408 36935 36841
28189 36825
11809 7136 36825
28197 6877 36825
28198 6371 6622 36825
11818 8047 36825
28202 6016 6288 7680
11822 6622 37123 36825
11823 37274 36851 36825 36933
28206 6530 36825
28207 6022 36825
52782 37101
28211 36852
11829 6034 36825
28215 5951
28218 14890 36825
28220 8160 36825
28224 5951 36825
28225 6182 12172 36825
28228 6459 36825
11846 7016 36889 36888
28231 36825
28238 6929 36828 36826
28241 6530 36825
28242 6468 36825
28246 6468 12842 13790 36825
28250 36825
28251 14261 36826 36825
28252 5939 6000 36825
28254 6016
28263 5943 6459 36825
11880 36825
28265 5951 36825
77418 38671
28268 6876 36825
28272 5951 36841 36825
28273 5935 36825 36841
11893 5946 6111 6943 36825
11896 5981 36825
44664 36826
11898 5946 36841 36825
11899 6034 36825 36826
11903 7016 36889 36888
11905 8047 36825
28289 5965 6063 36825
28290 36825
28291 13595 36825
11909 5949 6694 7097 36851
28292 6472 6919 36826
28294 6376 36888 36889
28295 36825
11914 36825 36918
11916 36825
11917 5976 36825 37213
28300 36825
28304 6111 36851
28305 6016 6328
28306 8047 13774 36825
77457 36825 36826 38349
28308 6391 36825
28309 6530 21413 36825
28312 6209
28313 6328
11932 6468 36826 36825
28318 6877 7133 36825
44702 36825
28321 36825
44706 36851 36908 37306
11944 36825
20140 5965
20143 6095 6472 6597
28335 6328 6472
28336 7133 12172 36825
28337 7698 36825
28338 6209
11956 7626 36825
28339 5946 21027 36825
11958 6063 7626 36825
11959 6095 7060 37101 36825 36826
20151 7360
28344 36826 36825
28349 14371 36825
28353 5951 36825
28355 36851 36825
69318 36825 38854
28367 5951 5976 36825
28374 5967 36888 36889
28375 36825 36851
28377 6034 36825
28378 5935 36826 36825
28380 7187 36826 36841
52961 36826 36875 37429
28386 36825
77541 37101 38349
28391 15196 36826 36825
28397 5951 6468 36825
28399 5939 36841 36825
28400 6169 13575 36825
28401 36850 36825
20211 5965 6765
28404 37306
12021 5946 36825
28407 5951 7738 36825 36852
12024 12940 28868
28408 8160 36825 36826
77562
69372 36826
28413 6035 7060 36825
28414 5927 6108 36825
28415 6022 6288 14046 36825
28417 36825
20227 6158 8050
20228 5965 6195 6597
28419 36825
28420 6034 8047 36825
12039 5949 5967 36888 36851 36889
28421 8047 36933 36825
28422 36825
77578 37429
3853
12045 7136 36825
28431 5943 6459 36825 36852
12051 5951 36825
28435 6024 14266 36825
3861
3862
28438 6095 36825
28440 36825
28442 5967 36888 36889
28444 6473 36825
12061 36825 36826
28446 5965 6530 6765 36825
28447 5951 6169 36825
28449 5949 36851 36825
28450 6535 36908 36877 36918 36826
61226 36826
61227 36826
28460 5951 7133 36825
28462 6016 36825
12086 36825 36850
3894
12089 5967 36889 36888
12090 5951 36825
28473 14890 36825
28478 6468 6472
20287
28479 5967 36889 36888
28484 5965 36825
28486 6146 36825
28489 5965 6182 6597 36825
28490 5946 36825
28492 6768 36877 36826 36918
12113 36825
28497 5991 36825
28500 6556 36825
28502 6387 6843 36825
12119 6984
12120 36825
12121 6233
28506 5967 36888 36889
12123 6044 36825
28507 5967 36889 36888
28509 6530 36825
53085 36826
12127 36825
12128 7693 38356 36857
28511 5935 8047 36825
12132 6022
44900 36826 36908
28520 37345
28521 5946
28522 6063 15223 36825
28523 5967 36888 36889
53096 37101 37345
53097 36826 37429
12143 23128
12144 5967 36889 36888
12146 5967 36889 36888
12148 5967 36889 36888 36826
12149 5967 36888 36889
28534 7738 36825 36852
12151 5967 36889 37914 36888 36828
12152 5967 39867 36888 36889
12153 7693 36888 38356
44923 36825 37101
12156 5967 7552 7564 39867 36888
12159 5967 36889 36888
12161 6562 36888 39867
12162 5967 36888 36889
12163 5967 36889 36888
44929 37101
53121 36825 36826 36935
12166 5967 36888 36889
28550 6288
69506 37101 39217
53130 36826
12171 5943 7360 12172
12172 6215 6870 13533 28943 13748 30581 23345
44939 36826 37101 37306
28558 21215
28560 13046 36968 36825 36826 36851
12178 5967 36888 36889
28562 5967 36888 36889
28563 5951 36825
69523 36825 36826 36841
61335 36825 36926
28571 5951 36825 36852
28572 7738 36826 36852 36825
12189 6108 36825
12190 6533 6936 39250 36888 38181
12191 5981 36825
12192 36825
28573 5967 36826 36888
28577 6954
28578 7698 36825
12196 7738 36825 36852
28579 6468 7060 36825
12199 13745 13746 14486 21383
28583 6906 15362 36841 36825 36826
28584 5943 6459 36825
44971 36825
12204 7552 36888 37473
28589 5951 36825
12209 7693 36888 38356
28595 21215 37429 36826
12216 5967 36888 36889
12219 5967 36888 36889
28605 36825
12224 6535 36918 37473
28608 5988 36831
28610 36825
12227 6233
12228 12229 40227 36875
12229 12230 12478 12479 12480 12481 14081 14082
12230 40227 36875
28613 5943 36825
61381 36826 37101 37306 38671
77761 36857 36926 37473
28619 5935 36825
28620 7738 36825 36852
12237 6408 36841
12238 7525 36888
28621 5935 6877 36825
69579 36826 37101
28625 6592 36825
45009 36826 38671
77774 36826 37081
12244 5967 36888 36889
28631 7798 36852 36825
28632 37101
36824 36825 36826
36825 5942 5947 5974 5985 5987 5989 5999 6015 6019 6033 6039 6043 6058 6060 6061 6065 6067 6069 6090 6109 6117 6122 6142 6144 6145 6151 6152 6153 6161 6164 6165 6168 6181 6187 6201 6213 6215 6222 6227 6230 6245 6264 6269 6289 6299 6309 6335 6369 6402 6411 6413 6425 6426 6461 6469 6471 6476 6478 6507 6517 6524 6534 6536 6537 6548 6555 6563 6584 6587 6588 6591 6593 6598 6610 6621 6628 6634 6636 6637 6639 6640 6646 6661 6665 6670 6677 6680 6684 6686 6689 6710 6714 6731 6732 6742 6746 6748 6764 6774 6775 6778 6779 6783 6807 6814 6825 6826 6842 6863 6870 6875 6903 6905 6908 6911 6921 6923 6925 6933 6942 6946 6952 6999 7026 7057 7059 7065 7070 7076 7078 7080 7088 7090 7099 7105 7106 7121 7124 7201 7213 7217 7273 7292 7326 7335 7342 7359 7420 7434 7467 7472 7476 7519 7541 7545 7546 7555 7558 7574 7578 7583 7610 7618 7625 7647 7651 7664 7677 7684 7734 7744 7746 7765 7771 7782 7785 7788 7797 7800 7810 7812 7904 7907 7908 7936 7949 7997 8007 8014 8039 8041 8046 8049 8051 8096 8158 8167 8171 8186 12295 12296 12346 12351 12379 12412 12418 12463 12484 12519 12531 12539 12578 12590 12597 12600 12603 12607 12613 12618 12630 12636 12641 12656 12659 12662 12681 12682 12684 12709 12714 12731 12735 12739 12743 12750 12805 12819 12820 12831 12834 12841 12866 12914 12940 12945 12995 12998 13010 13033 13047 13049 13051 13070 13074 13090 13136 13195 13200 13208 13215 13216 13246 13249 13293 13296 13302 13313 13324 13331 13382 13392 13403 13410 13466 13484 13498 13501 13533 13580 13588 13593 13597 13618 13619 13633 13636 13639 13641 13654 13656 13691 13697 13701 13723 13725 13732 13735 13736 13745 13746 13747 13748 13765 13773 13789 13793 13795 13813 13838 13871 13872 13877 13902 13907 13909 13923 13942 13947 13949 13953 13954 13958 13975 14003 14007 14009 14020 14072 14076 14088 14115 14147 14149 14150 14153 14193 14214 14220 14226 14230 14263 14264 14267 14272 14276 14278 14279 14281 14304 14311 14316 14319 14340 14346 14355 14358 14359 14363 14364 14366 14368 14370 14378 14379 14384 14385 14403 14405 14429 14450 14482 14486 14488 14500 14513 14545 14559 14574 14577 14586 14592 14597 14598 14652 14656 14658 14672 14677 14681 14693 14715 14724 14732 14737 14741 14751 14769 14784 14803 14813 14824 14828 14844 14856 14889 14898 14916 14927 14933 14965 14966 14967 14983 14987 15009 15015 15037 15046 15058 15062 15064 15068 15072 15073 15081 15095 15096 15100 15106 15107 15109 28647 28649 28650 28651 28669 28673 28676 28679 28692 28695 28700 28702 28716 28718 28719 28722 28726 28735 28738 28740 28742 28745 28747 28754 28761 28779 28791 28793 28795 28796 28802 28811 28813 28818 28825 28831 28833 28839 28842 28843 28844 28849 28850 28852 28854 28855 28857 28863 28867 28868 28869 28871 28881 28885 28890 28891 28898 28899 28901 28902 28906 28913 28919 28922 28928 28933 28938 28943 28944 28946 28947 28949 28956 28960 28961 28964 28966 28971 28972 28974 28977 28979 28981 28982 28985 29019 29024 29025 29026 29032 29038 29042 29043 29044 29052 29056 29059 29073 29078 29079 29081 29084 29085 29107 29108 29113 29118 29125 29130 29133 29134 29141 29148 29162 29168 29169 29170 29171 29186 29187 29188 29206 29211 29217 29228 29229 29234 29235 29236 29237 29253 29263 29285 29291 29293 29294 29296 29297 29298 29302 29303 29311 29312 29315 29323 29325 29332 29344 29349 29353 29358 29361 29363 29373 29390 29394 29399 29411 29420 29421 29430 29432 29438 29440 29446 29453 29454 29468 29473 29485 29495 29497 29518 29519 29523 29531 29535 29538 29543 29549 29554 29559 29563 29589 29590 29595 29602 29609 29612 29629 29631 29644 29656 29660 29664 29676 29684 29688 29695 29696 29697 29699 29700 29713 29716 29718 29731 29735 29742 29746 29751 29754 29757 29759 29763 29764 29765 29768 37018 37539 37547 37551 37664 37800 37897 38151 38283 38859 38996 39216 39231 39238 39281 39336 39411 39721 39728 39732 39803 40070 40137 40232 40262 40415 45268 45276 45324 45363 45410 45412 45413 45595 45637 45661 45667 45676 45686 45700 46209 46210 46448 46998 47021 47049 47148 47158 47438 47571 47583 47789 47952 48020 48640 48656 49102 54148 54603 54998 55469 55648 55689 55700 55913 55976 56013 56138 56180 56381 56474 56637 56670 56740 56753 56831 56938 57014 57278 57298 57313 61478 61544 61578 61928 61980 62094 62777 62921 62941 63026 63080 63583 64695 64696 64698 64854 64914 64923 65166 65264 65490 69296 69620 70047 70407 70672 71483 71546 72527 72652 72696 72953 73168 73548 73551 73571 73590 73634 77970 78372 78439 78736 78795 79365 79712
36826 6019 6039 6056 6110 6161 6215 6386 6426 6507 6517 6534 6593 6610 6750 6773 6880 6898 6928 6958 7076 7093 7170 7180 7189 7247 7273 7352 7456 7492 7493 7518 7536 7539 7557 7559 7610 7676 7692 7748 7782 7786 7800 7810 8014 8158 12279 12405 12603 12614 12618 12738 12743 12820 12841 12995 13087 13208 13438 13441 13501 13702 13747 13750 13878 13961 14001 14217 14311 14319 14376 14430 14432 14467 14491 14662 14702 14765 14798 14829 14878 14889 14964 15021 15037 15068 15069 15106 28650 28657 28747 28754 28826 28857 28867 28922 28985 29008 29010 29014 29044 29073 29117 29172 29234 29267 29390 29426 29438 29466 29609 29626 29634 36884 37042 37115 37256 37290 37321 37360 37431 37539 37639 37897 38299 38342 38659 38802 38864 38996 39008 39213 39232 39281 39289 39323 39350 39375 39388 39402 39407 39411 39430 39471 39732 39740 40051 40084 40106 40118 40139 40145 40209 40722 40806 45032 45100 45149 45261 45410 45412 45595 45598 45606 45667 45676 45700 45733 45810 45829 45882 46129 46251 46266 46986 46998 47041 47124 47148 47237 47278 47310 47441 47544 47571 47670 47757 47806 48161 48580 48598 48645 48656 48728 48753 48919 48931 49006 49034 49102 49104 49117 53243 54481 54993 55662 55689 55691 56071 56138 56381 56415 56605 56740 56753 56831 56850 56873 56900 56938 57120 57122 57275 57278 57281 57284 57325 57333 57337 61889 61970 62004 62644 62719 62720 62862 62941 62982 63026 63079 63090 63583 64698 64809 64854 64967 65166 65170 65208 65234 69296 69620 69903 69987 70908 71885 72160 72280 72527 72585 72696 72953 72998 73561 73567 73571 73688 77808 77838 77847 77860 77878 77916 77970 78004 78032 78133 78403 78648 78682 78778 78795 78815 79148 79154 79202 79268 79278 79412 79451 79509 79578 79579 79786
28636 5988 6111
36828 6928 6958 7247 7352 7456 7493 14217 14556 28826 29117 29172 29466 29626 29630 29634
36831 7359 7984 14828 46129 48656 55950 57313 70407 79428
36833 62921
12258 6022 37684 37101
12259 6894 37101
36835 6061 7819 36930 40162 49034 57284
20454 6158 15645
28647 6252
45032
28649 6158 7360
28650
28651 5951 6741
36841 6144 6183 6264 6548 6621 6646 6669 6703 6911 7065 7070 7273 7434 7640 7651 7771 8049 8096 8126 12306 12379 12531 12607 12733 12914 13010 13067 13074 13118 13293 13618 13747 13789 13861 13953 13954 14020 14153 14220 14247 14368 14432 14784 14916 14987 28802 28881 28944 28947 29032 29079 29107 29237 29296 29430 29454 29495 29697 36907 37321 37551 38151 39336 39721 39728 39803 39937 40070 45363 45410 45412 45413 45661 45686 46998 47021 47894 53519 55601 55700 55894 56013 56035 56605 56753 56983 57232 57278 57298 61478 61928 61980 62644 62903 64695 64698 64809 64923 69620 69987 70047 72652 78736 78795 79428
36843 6043 6892 14432 29637 38864 40415 47237 56873 62004 63090 64695 64786 77879 78054 78807
36846 7831 8158 13293 14281 14556 14784 29217 37795 38299 39231 40262 40806 45786 46266 47041 53243 77878 77978
77799 37473 37684 38241
36848 14592 37006 37122 54674 56415 73233
20465 6135 7033 7054
28657 6768
36850 7867 12296 12472 14693 15073 28851 29234 45261 56138 56637 70047
36851 6144 6151 6192 6317 6610 6615 6669 6703 6826 6844 7546 7765 7867 12279 13877 14004 14696 14751 14788 28709 28735 28738 29052 29103 29178 29237 29253 29431 29478 29579 29631 29695 37622 37664 38283 39471 45700 53676 55601 57232 65234
36852 6144 6611 6640 6774 6842 7017 7273 7292 7684 7746 7797 7997 12484 12590 12739 13033 13070 13090 13593 13949 14153 14169 14279 14803 28673 28742 28850 28901 28922 28949 29074 29285 29549 29688 29713 40232 46448 47583 48728 55601 55700 55950 63080 79712
69620
12279 37101
77808 36857
36857 6067 6657 7692 8053 12310 13051 13964 14088 14089 14183 14413 14546 14609 14790 14862 14886 14976 15021 37472 39306 45149 46209 48753 56605 56909 57232 62382 64854 72983 78788 78807 79412
28667 5951
53243 36918
28669 6472
28673 5951
28676 6597
12295 6034
12296 6877
28679
36875 6750 6880 12478 12479 12480 12481 12614 12615 14081 14082 14702 36884 37042 37795 39213 45676 45733 45810 46251 47041 47124 47541 47670 47678 47757 48640 49006 49117 57281 62004 64967 72280 77978 79148
36877 6295 6534 6619 6773 6781 6898 7093 14153 14803 14829 29677 37388 37667 39485 45458 45661 46986 47544 47806 48528 55894 56831 56911 57172 64914 65184 73688 77838 78678 78745 79197 79579 79608
28686 6328 37429
36879 29014 65159
77838 36935
12306 12308
12308
28692 6076 6765 6954 21336 28693
12310 6016 7016
28693 29394
28695 6597 12495
36884 36885
36885 7786 37006 38659 47201 47250 48309 48580 57333 62362 62821 63583 65191 72527 78778 78834 78883 79680
36888 5966 6399 6532 6700 6817 6858 6935 6996 7006 7056 7068 7111 7114 7119 7144 7165 7213 7232 7313 7345 7445 7469 7479 7513 7524 7533 7551 7563 7580 7603 7759 7784 7819 7831 7889 7910 7933 7954 7984 8031 8119 12451 12487 12548 12634 12655 12732 12941 13128 13138 13698 13761 13762 13811 13828 13944 13964 13992 13993 14016 14043 14054 14073 14074 14075 14078 14083 14086 14090 14093 14095 14102 14152 14184 14369 14387 14475 14549 14552 14554 14556 14570 14593 14594 14644 14669 14680 14691 14706 14775 14812 14840 15042 15045 15064 29196 29233 29306 29428 29429 29530 29630
28700 7029 21583
36889 5966 6399 6700 6817 6858 7006 7056 7068 7111 7114 7144 7165 7232 7313 7345 7445 7469 7513 7533 7580 7603 7759 7784 7910 7933 8031 8119 12451 12487 12548 12941 13698 13762 13828 13964 13992 13993 14016 14074 14075 14078 14088 14089 14090 14093 14095 14102 14184 14387 14475 14546 14552 14554 14570 14593 14594 14644 14669 14680 14691 14812 14840 14886 15045 29196 29233 29306 29429 29530
28702 6158
77847
28707 6768 7535 37345
77860
28709 6617 14619
61478 36908
36907 36908
28716 6034 14261
36908 7839 14169 14545 14577 15037 29656 45637 46210 47158 48981 53519 55913 62399 71546 79197 79202 79600
28718 7054
28719 5976
36910 6937 13030 37006 37030 37439 45458 46245 48536 53459 54674 56035 56415 79255
45100 37101
28722
28726 5939 6095
36918 6103 6194 6295 6346 6534 6750 6766 6773 6781 6898 6928 7220 7519 13844 14073 14876 37235 37290 37388 37667 38802 39485 45606 46986 47176 48528 48981 55894 56873 56911 57149 57172 65241 69987 71560 73613 73688 79197 79579 79608 79786
77878
77879
12346 5935 8047
36926 47670
12351 6158 62797
28735
28738 6193
36930
28740 5965
36933 6069 6380 7110 7536 8171 8186 12578 12655 12656 13047 28863 28882 29085 29204 29531 29589 37639 46971 65264 72696 79431 79509
28742 5951 7738
36935 5987 6346 6534 7090 7220 14073 14153 37290 37388 37667 37850 38802 39350 45280 46986 47021 47441 47544 47806 48528 55894 56831 56911 57172 65184 72527 73613 79197
45124 37306
28745 6530
28747 6473
28754
28761
12379 6024
77916 37345
45149
28774 6016 6288
77926 37237 38315 48871
36968 29052 37622 54148 64923
61544 37123
28779 5951 6000
4213
12405 8127
28791
28793 7126
28795
12412 6470
12413 6211
28796 6000
12418 5943 6674
28802 5986 21756
4230
61578 37123
28811 7998 39217
28813 13790
37006
28816 12668
28818 5965
77970
28825 37684
28826 6929
37018
77978
61597 37429
28831
28833 5939 5951
12451 7016
37030
28839 5951
69798
28842 7043
28843 6415 6894 7029
28844
12463 6328 6472
28849 7274 8047
28850 5951 7738
28851 7187
28852 5935 6020
37042
28854 5951
28855 6182
12472 8127
28857 6597
78003
78004 37237 37306
12477 6209
12478 40227
12479 40227
12480 40227
12481 40227
28863 37684
28866 5988
12484 5965 7738
28867
28868
12487 5967
28869 6597
28871 5965 6597
37065 7603 13993 14043 14556
78021
45261
12495 6639 6732 14500
78032
28881 6020
28882
53459 37345
45268
12501 8127 38227
28885
37081 47583 48919 53676 56605 65170
28890 5939 6063
28891 8047 13790
45276
20701 5943 6556 8008
28893 6016
45280 37101 38865
28898 21272
28899 6063 15223
28901 5951 7738
28902 6146
12519 5939 6228
78054
28906
78059 37768
37101 6893 7196 7572 7679 12733 13065 13515 13589 13834 14965 15021 15093 15127 29340 29614 38818 39306 39361 39375 39402 39404 40410 45653 45699 47148 47179 47180 47201 47250 48916 54481 55648 55950 56899 56909 57333 62362 62399 62821 65191 71560 72527 72731 73254 78135 78883 79107 79458 79680
28913 5939 21049
12531
28919 5965 6597
37113 6056 12615 14798 14878 14964 39430 54993
28922 7738 15170
12539
37115
20735 6063 6290
28928 6597 15611
37122 37123
37123 13732 29589 47092 57014 62723 73168
12548 5967 6936 39250
28933 14046
78084 37345
28937
28938 21756
45324 37306
28941
28943
28944
53519
28946 6473 21413
28947
69903
28949 7133 7738
78096
28956 5943 6459
28960 6035
28961
12578 7698
28964 6468 7060
28966
28971 5943 6459
28972
12590 6765
28974 6765
28977 6473 6530 6597
4402
28979 6063
45363
12597 6756
28981 5935 6108 37322
28982
12600 38610 37322
28985 6063 7274
78133
12603 7008
78135
12607 6768
12613 6166 6391 15362
12614
4423
12615 7362
28999 6016
12618 5939
29008 6682
29010 6252
20821
12630 6035
29014 6768 37306
12634 38241
29019 6405
12636 6024
37213 7086 7954 14556 29630 64696
29024 6034 6035
12641 6000
29025 5951 6169
29026
45410
45412
45413
69987 37237
29032 6018
29037 6022
29038 6470 13062
12655 5967
12656 6667
20849 5965 15196
20850 5951 7738
12659
29042 6564
29043 5965
12662 5943 7365
29044
37235 37236 37237
37236 56225
37237 6534 6657 6996 46986 47021 47310 48728 56057 56225 56831 57275 73561 79786
12668 14340
29052 6193 6318 7043
29056 6034
29059 14514
29064 6328 6472
12681 5951
12682 5951 12683
12683 13902 14076 21736
12684
37256
29073 16343
29074
45458
29077 6919
29078 5965 6063
12695 6022 6288
29079 6969
29081 5981
12698 6108
37274 6144 15073 72585
29084 7054 13790
29085 5946
70047
29090
12709 6622
12714 6391
37290
53676
29103 6600 6617 21625
29107 5986
29108 7535
12725 5965
29113
37306 6534 6773 7420 7692 13500 13597 14829 29267 29289 38818 39402 39517 46129 47021 54120 56831 57333 62382 62720 63832 65159 71560 73254 73688 79107 79278 79431
12731 5935 6391
12732 6533 38181
12733 6035
29117 6929
12735 5946
29118 6111 7187
29121 6472 7187
12738 6016
12739
29122 6328
29123 7362
29125 5951
12743 6034
61889
37321
29130 6020 6095 6111
37322 6905 7472 13498 13975 14741 48931 55469 55691 62644 79600
29133 6035 7060
12750 7360 12751
12751 14153 14803 21081 21383 21980
29134 6211 7151
29141
29148 13790
37345 39757 40124 54120 62941 78813
69296
61928 38610
29162 21272
29168
29169
29170 5986 15362
29171
29172 6929
37360
29178 5949 6600 6694
29183 5951
29186 6472
29187 6038 6371 6564
29188 6146 6876
12805 5965
29196 5967
37388
12814 6984
61970
12819
12820 6314
29204 6095
29206 6470 7043
61978
29211 7333 21413
45595
61980
45598
12831
29217 7698
12834
21026 5965 21027
21027 23051 23969
78372
45606 37473
12841 12842
12842 24039
29228 5951 6344
29229 5951 13703
37421
29233 7016
29234 6597
29235 6038
29236 5951 7043
29237 6032 6912 21049
37428 37429
37429 6386 13441 13702 37439 39213 39361 39411 39866 45733 45829 46210 47175 47201 48536 48656 49117 55691 57176 62362 62719 62903 64967 78788 79365
37431
21049 13745 13746 30014
62004
37439
12866 6182
29251 6016
78403
21061 6470 7043
21062 6470 7043
29253 7097
45637
29263
4689
29267 7535
45653
21081
45661
29280
37472 37473
37473 6652 13138 13382 13701 14086 14281 14556 15046 37897 38342 56605 65184 73244 73590 78807 79268
45667
29285 7738
78439
29289
29291 5951
45676
29293
29294 15362 15611
29296
29297 6339
12914 8050
29298
29302 5965
29303 6095 6111
45686
29306 5967
29311 6292
29312 6556 6557
29315 5943
45699
45700
29323 5976
12940
12941 7016
29325
62094
12945 5935 8047
29332 6556
29333 6016 21214
29340 6894
29344
29347 5951
37539
29349 5946 7333
45733
29351 6472 7297
29353 6472
37547
21165 6032 6473 6556
29358 6070
37551
29361 6945
29363 6184
29373 5935
12995 6182
12998 5951
29390 7094
13010 6530
29394 6076 21336
29399 5939
45786
21213 6768 21214 21215
21214 30269
21215
29411 6035
13030 6895 7187 13031
13031
13033 5965 7738
29420
29421 6473
29424 6233
29426 6016
45810
29428 5967 37914
29429 5967
13046 14001
13047
29430 5991
13049 6954
29431 6030 6834
13051 6135
29432 5935
37622
21246 6472
29438
29440
37631
45829
13062 14230 22355 23049
29446 5951 7043
37639
13065 6938
70407
13067 38854
29453 5935 6018
13070 8047
29454 6969
78609
13074 8050
13076
21272 29787 31365
78616
29466 6929
37659 7692
29468 5951 6344
13087 6057
4896
29471 6016
13090 5951
29473 13595 16107
37664
37667
29478 6076 6741
29485
78638
37684 14784 39517 56850 62718 70672 72983 78745
29495 5939
78648 48962
29497 5935 6193 29498
29498 29629 29660
45882
21308 6556 6876 14367
29501 6111 6328
13118 6415
78650
13128
78665
29518 5951
29519 6034 6473
13136
13138 5967
29523 5951 6344
78678 39217
21336
29530 5967
29531 13408
78682 37914
29535 5943 6459
29538 6095 6472 6919
29543 5935 5946 6843
54120
29549 7738
29552
29554 6111 7298 15170
29559 6035
29563 6076 6154 6741
54148
21383 5965 13657
37768 39866 72953
13195
29579 5951 29582
29582 30805
13200 5951 6169
78736
29586 5960
29589 6158
29590 5951 7043
13208
78745 39518
62362
29595 6024
13215 5965
13216 5943
29602 7097 7365
37795
21413
62374
37800
29609 7274
29612 5951 6344
29614 6016
62382
29626 6929
29627
78778
29629 5935
13246 15196
29630 5967 6102 6929
29631 6894
13249 5943
29634 6929
62399
78788
29637 6016
29638 5965
78795
29644 6252
29649 6035
29652 6016 6035 6468
78807
29656 15886
13274 13813
37850 37851
29660 5935 6193
37851 6534 13861 47806 57149 65184
78813
78815 37914
29664 5965
29670 6022
29676 5951
13293 5951 5965 6473 6906
29677 6022 6894
13296 5939 5951 13297
13297 22800 22849
78834
29684 6034
13302 6035
29686 5988 6111 6328
29688 5951 7738
29695 6765
29696
13313 6906
29697 7284
29699 6473 6530 6597
29700 6035 7060
21512 5943 6663 7626
37897
13324 6472
29712 6212 6473 6622
29713 6877
70672
13331 5939 7738
29716 7043
29718
37914 48880
29730 6016 6894
29731
78883
29735 6024 14266
29742 6674 8047
46129
21554 6954
29746 5927 6108
29751
29754 6906
29757 5951 6169
29759 6597
29760 6016 6050
29763 5939 6169 6290
29764
29765
13382
13383 6328
29768 6530 6597 7133
21583
13392
13401 38610
29786 6016 7197 8127
13403
29787 5965
13408
29793 5951 7043
13410
21625 30152
13438 6057
13441 6035
29826
46209
46210
13466 5965 6530
46245
29862
54442
46251
13484 5935
46260
62644
13498 6530
46266
13500 6111
13501 5965
13515 6035
54481
29909 5951 6034 6035
13533 7360
21736 5939
21751 5939 5951 6182
21756
70908
62718 38349 39217
62719
62720
79101
62723
79107 39217
13575 6090 13597 14598 32383
29959
38151
13580 6228 6871
70931
13588
13589 6022 6288
13591 5943
13593 7738
13595 13697
13597 5951 6035
21797 14514
38181 6532 14549 14706
29996 6035 6597 7060
79148
13618
13619 5951 7738
79154
21814 5965
62777
21819
30014
13633 6111
13636 5981
13639 5946
13641 7060
54603
62797 72160
38227 56831 62921
13654
13656 5939 13657
13657
79197
30047 6597
38241 6781
79202
62821
46448
13688 7746 15318 22616 14803
13691 5951 6468
30079 6034
13697 6038
13698 6376
13701 5943
13702 13703
13703
38283
62862
38287
13714 6328
54674
30100 5988 6919 7126
79255
13723 5943
38299
13725 5951
13727 6016 6328
21919 6468 6556 6876
13732 6287 6894 13734
79268
13734 14656 15583
13735 8127
13736 6018
30118 6035 6328
38315 6880
79278 55111
21935 7284
21936 14360
13745
13746 7033
13747 5965 15170
13748 6871
30131 5960
13750 6284
30132 5951 7738 8008
62903
13761 5967
13762 5967
13765 5943 6674
38342
30152 5951 6076 6318
13769
62921
13773 13774
13774
38349 14556 39803 48309 48517 57298 73244 73254 79365
38356 7889 14183
21979 5965 6034 6765
21980 5951 8048
13789 13790
13790
30173 6559
62941
13793
13795 6954
30179 5965 6597
22002 6768
13811
13813
22012 5943 6182 6674
13828 7016
79365
62982
13834
30219 6158
13838 6228
30222 6111
13844 6104 6105
13861 6408
13871 5965
13872 5965 6166
63026
79412
13877 6038
13878 6284
30269 6895
79428
79431
22091
13902 5951
13907 5965 6063 6765
13909 5965
79451
79458 38671
13923 13924
13924 23632
63079
63080
22128 6166 6182 6556
63090
13942 5943 6066
13944 5967 7016
13947 7626
13949 5951
13953
13954 6154
22145 6135
13958 5951 6034
13961 6022
13964 6376
79509
13975 6391
13992 6376
13993 7016
22190 6180 6195 6535
14001
14003 5981
14004 6128 7097
14007 6182
14009
14016 7016
30401 5951 7738
14020
54993
38610 7017
54998 38854
79578
14043 7552
79579
14045 14046
14046
14047 6209
14054 5967
22249 6195 6472
79600
38646 6657 14790 72983
14072
14073 6104 6376
14074 5967
14075 5967
14076 5939 5951
30459 15611
14078 5967
30463 5988
79608
14081 40227
14082 40227
14083 6562 39867
30465 5965 6447
38659
14086 6562 14087
14087 14556 15738
14088 5967
14089 7016
14090 5967
38668 38671 38673
14093 5967
14095 5967
38671 47571
38673 72731 72937
14102 5967
14115 7626
5927 6670 7782
5929 6061 6880
5935 5947 6067 15259 22388 6621 6640
14129 5946 6038
5939 6593 6684 6742 6825 7810 14693 14967 15905 22800 22849 23615 31200 31376
5942 5943
5943 6060 6264 6714 6731 6783 6807 7070 7090 7574 7625 8007 14214 14278 14346 14355 14358 14359 14363 14364 14405 14450 14482 14597 14769 14844 14856 15015 23688 6222 7949 31165 22470 23969
5946 5989 7059 7800 7904 8041 14304 14316 14741
5947 6111 6035
71483
5949 6192 7765 7546
5951 5974 6033 6109 6168 6611 6634 6774 6844 7124 7618 7744 7812 14598 14715 15096 15535 15656 15723 15905 22800 6461 7746 14370 30536 30805 31979 32281 32381 32383 22763
79680
14147
14149 6954
14150 6954
55111
5960 30588 32120 32310
14152 6936 39250
14153 14154 14155
14154 14316 14803
14155 14230 23049
5965 6117 6230 6303 6369 6476 6507 6639 6669 6719 6738 6746 6748 6923 7057 7076 7201 7342 7472 7519 7558 14413 14672 14898 15073 15318 15359 15446 15723 15827 22616 22712 5974 31277 31376 32616 32766 23074
5966 5967
5967 6858 6996 7006 7056 7144 7232 7445 7759 7819 7910 7984 8053 8119 14183 14184 14369 14387 14546 14552 14554 14593 14644 14669 14812 14840 15042 15045 15064 15738 6399 7114 14556 32281
30536 6169
22355
5974
5976
14169 6022
14170 6287 6894
30552 6035 7060
5981 6921 7467 14813 15081
79712
5985 5986
5986
5987 5988
5988
5989
5991 6636 22762
14183 7693 8054
14184
30570 7360
5998 6844 30652
5999 6000 6001
6000 6476 6764 31277 31376 23365
6001 6144 6689
14193 6954
22388 8047
30581
71546
46971
30588
6015 6016
6016 6286 6595 6652 6893 7640 14403 15058 15591 22489 6245 6534 7080 30887 31478
6018 7434
6019 6020
6020
6022 6181 7110 7348 8150 14467 14527 14654 15093 6303 6738 6983
14214
6024 6181 14429
14217 6328 6929
46986
71560
14220
6030 30652
30606 14890
6032 7651 6826
6033 6034 6035
6034 6461 6587 6598 7734 15205 15583 15749 16009 22972 23478 31550 31591 32147 32688
6035 6112 6194 6245 6692 6845 7059 7514 14449 15107 16117 6595 6731 31363 31467 31629 32346 22712 23632
14226 7333
38802
6038 6646 15073
6039 6597
14230
46998
6043 6044
6044 7326 15656
6050 6286
38818
14247
6056 6057
6057 7492 7518 14662
6058 6059
6059
6060
6061 6063
47021 39217
6063 6289 14263 14677 15658 15827
79786
6065 6066
6066 6222
6067
6069 6070
6070 6775 7936 14267 14276 14933 15106 7080
14261 7090
14263
14264 6193 14265 14266
14265 6536 14488 32297
14266 7785 31341
6076
14267 6111 7218
30651 6616 6617 14619
30652
14272 6919
47041
14276
14278
14279 6876
22470 6954
14281 6765
6090 6906
38854
38859
47049
6095 6142 22988 23288
38864 38865
38865 47176 57129 72160
6102 6215 7086 7954 14556 15738 32281
6103 6104 6105
6104
6105 6766 23214
22489 6940 7515
6108 6670 6680 6686 7782 7908 14559 6591 7555 32766
6109 7133
6110 6111
6111 15239 16009 22972 6731
6112
14304
6117
14311
6122
14316
14319
6128
47092
6135 32286 23288
6142
6144
6145 6146
6146 6264 22759
14340
6151
6152
6153 6154
6154
14346
6158 15259 15998 16117
6161
14355
6164
6165 6166
6166
14358
6168 6169
6169 14598
14359 7698 14360
14360 15630
14363
14364
14366 6556 14367
14367 14737 24512
14368 7033
14369
14370 14371
14371 6230
6180 6295 6750 6766 6781 6898 15915
6181 6182
6182 7070 7788 32286 32559 22712 23345
6183 6184
6184 6286
14376 7274
14378 6292
6187
14379
22573 7360
47148
6192 6193
6193
6194 6195
6195 6346 6534 6781 6898 15915
14384
6197 6652 7220
14385
14387
47158
6201
47168
6209 7099
6210 6211 6212
6211
6212
6213
14403
6215
14405
38984
47175
47176
47179
14413 6765 8054
6222
47180
6227 6228
6228 8096 15109 16010 16259
30805
6230
38996
6232 6233
6233 6395 6396 6948 7606
22616
14429
14430
63583
14432
39008
47201
6245
22633
14443 6287
6252
14449
14450
6264
6269
14467
47237
30855 15362
14475 7016
6284
6286 6287 6288
6287 15021
6288 6655 6893 7514 15591 30887
6289 6290
6290
14482
6292
47250
14486
6295
14488
6299
14491 6328
6303
14500
6309
30887 7680
6314 7189 23214 31478
22698 7284
6317 6318
6318
47278
55469
14513 14514 14515
14514
14515 15875 23051
6328 6937 7839 15069 15127
22712
6332 6619 6898 14876
6335 6557
14527
6339
6344
6346
71885
47310
14545 6597
14546
14549 6533
14551 6468
14552
39128 6880 47541
14554
14556 6929
47325
14559
6369
6371 23477
22759 6876
6376 6700 6817 7114 7580 7603 7784 7954 14594 14609 14976
14570 7016
22762 6945
6380
22763 7738
14574 6906
14577
6386 6387
6387 32564
6391
14586
6395
6396
14587
6399
14592
14593
6402 6403
6403
14594
6405 8171
14597
14598
6408
6411
6413 6674
6415 6942 24039
22800
14609
6425 7698
6426
14619
39213
6447 7867 15622
39216 39217
39217 56753 73551
6450 7545
55601
14644
6459 31165
14652
6461
14654
39231
14656
22849
14658 6894
39232
6468 23644 23842 16324 23818
6469 6470 7043
6470 14803
6471 6472 6473
6472 6753 32346 32564
6473 15149
14662
39238
6476
14669
6478 15196
47438
14672
47441
39250 6935 7345
22867
14677
14680 7016
14681 7626 7698
63832
55648
14691 7016
47460
14693
14696 6834
6507
14702
55662
39281
14706 6533
6517 6518
6518 7771
39289
14715 7738 14716
6524
14716 14724
6530 7359
39298 40118
6532 6533
6533
6534 6535
6535 6773 6781 15915
6536
6537
14724
39306
14732
55689
55691
14737 6556
6548
14741 6556 6919
55700
6555 6556 6557
6556 6999 7026 7106 23842
6557
39323
6559
14751
6562 7119 7479
6563 6564
6564 15046 23477
39336
39339
14765 6919
14769
22965 7698
39350
14775 7564 39867
6584
47541
47544
6587
6588
22972
31165
6591 6592
6592
6593
14784
6595
14788 6618 6694
6597 15068 31277 31353 31363 32286 32616 23288 23478
6598
14790
6600
39361
22988 7060 7218
14798 6915
39375
6610
6611 6957
14803 7738
47571
6615 6616 6617 6618
6616
6617
6618
6619
14812
6621 6622
6622 6661 15062 15072
14813
31200
14817
39388
47583
6628
72160
14824
6634 7133
39402
6636
6637
14828 7360
6639
6640 7798
14829
39404
39407
39411
6646 15798
14840
23035
6652
14844
6655
6657
6661
39430
6663 6774 7339 7625 15205
14856
6665
23049
6667 6892
23051 7284
6669
6670
14862
14864 7297
6674 7949 15259
6677 7151
14869
6680
6681 6682
6682 6709 7649
6684
14876
6686
14878 6915
6689
23074 6756
6692
6694
14886 7016
14889 14890
14890
6700
31277
6703 6704
6704
39471
14898
6709
6710
47670
6714
39485
47678
6719 7136
14915 6984
14916 8047
6731
6732
14927 6919
6738
6741 32505
6742 6743
6743 7017
14933 7626
23128 8047
6746 15611
55894
6748
39517 39518
6750
39518
72280
6753 6919
31330
6756 15100
55913
6764 6765
6765 15359
6766 6768 7535
31341 7698
6768 6898 23214
14964 7362
6773
6774
6775 7060
14965 7284
14966
6778
6779
14967
6781 6782
6782 15915
6783
14976
31353
6787
31363 7060
31365
14983 7360
14987
47757
55950
31376
6807
6814 15362
6817
15009
15015
55976
6825
6826
15021
23214
47789
6834
6837 6921
6842 6843
6843
6844
6845
15037
47806
15042
15045
15046
6858
56013
6863
15058
6870 6871
6871 16259
15062
15064
6875 6876 6877
6876 23842 16324 23818 24512
6877 7677 15756
15068
15069
6880
15072
15073
56035
15081
31467 15196
6892
6893 6894 6895 6896
6894 15127
6895
6896
6898
15093
31478
6903
15095
6905 6906
6906 7359
15096 7133
6908
15100
23288
6911 6912
6912
56057
15106
6915
15107
15109 7033
6919 7610 23477
56071
6921
6923
6925 6926
6926
6928 6929
6929 6958 7247 7352 7456 7493 32281
6933
47894
6935 6936
6936
6937 6938 6940
6938
15127
6940 15591
6942 6943
6943 23365
6945
6946
6948
6952
39721
6954 15205 16259
15146 7360
6957 7746
6958
15149
39728
23345
39732
6969
39740
31550
15170 7800
15173 7515
23365
6983 6984
6984 7337
56138
39757
15182
72527
47952
6996
6999
15196
7006
7008 7170 7180 7557
15205
31591 7274 8047
7016 7068 7111 7165 7213 7313 7345 7469 7513 7533 7831 7933 8031
7017
7026
56180
7029
15222 15223
15223
7033
39803
31615 7274
7043
15239
72585
31629 7060 7798
7054 7273
7056
7057
7059 7060
7060 16117 23632
48020
7065
15259
7068
7070
56225
7076
7078
64422
7080
7086
7088
7090
7093 7094
7094 7559
23477
23478
7097
39863
7099
39866
39867 7119 7479 7551 7563
7105
7106
7110
7111
7114
39884
72652
7119
7121
7124
7126
15318
7133 31979 32381
7136
7144
7151
72696
7165
15359
39937
7170
15362
7180
7187 7664
7189
72731
7196 7197
7197
7201
48161
7213
48176
7217 7218
7218
7220
56381
23615
7232
7247
23632
15442 7738
15446
23644
56415
48229
7273 7274
7274 7539 7748
40051
7284
7292
7296 7297 7298
7297
7298
40070
23688 23689
23689
40073
7313
40084
56474
7326
7333
7335
7337
40106
7339
7342
15535
7345
7348
48309
40118
64693
7352
64695
64696
64698
40124
7359 7360
7360 24418
7362
7365
40137
40139
40145
15583
40162
15591 7680
72937
31979
7409
48377
72953
15611
7420
15622
7434
23818
15630
40209
64786
7445
72983
15645 15998
56605
7456
23842
40227
72998
15656
40232
15658 7626
7467
64809
7469
7472
7476
7479
56637
7492
7493
40262
15702
64854
7513
7514 7515
7515
7518
7519
56670
7524 7525
7525
15723
7533
7535
7536
7539
7541
32120
7545
7546
15738
7551 7552
7552
7555
7557
7558
7559
15749
15750 7626
48517
7563 7564
7564
15756
48528
64914
32147
7572
15764
7574
48536
7578
64923
7580
7583
23969
56740
73133
56753
7603
7606
15798 16010
7610
7618
48580
64967
7625 7626
7626 15864
73168
15827
48598
7640
40410
7647
40415
7649
32225
7651
24039
7664
15864
7676
7677
73212
7679 7680
7680
48640
56831
15875
7684
48645
7692 7693
7693 7889
15886
48656
73233
7698 15905 8051 32688
56850
32281
73244
32286
15905
48674
47124
73254
32297
56873
15915
7734
32310
7738
7744
7746 7747
7747
7748
56899
56900
56909
7759
56911
7765
48728
32346
7771
7782
7784
7785
7786
56938
7788
48753
7797 7798
7798
7800
32381
15998
32383
7810
7812
65159
16009 8047
16010
7819
65166 65167
65167 65170
65170
7831
56983
7839
65184
65191
57014
65208
7867
7889
65234
65241
7904
7907
7908
7910
48871
16107
48880
65264
16117
32505
7933
7936
7949
7954
40722
48916
48919
57120
57122
48931
57129
32559
7984
32564
7997 7998
7998
57149
48962
8007 8008
8008
73548
8014
73551
57172
48981
57176
73561
8031
73567
24418
73571
40806
8039
32616
8041
8046 8047 8048
8047
8048
8049 8050
8050
8051
49006
8053 8054
8054
73590
16259
32650
49034
73613
57232
8096
73634
32678
16300
32688
8119
57275
8126 8127
8127
24512
57278
57281
16324
57284
49102
49104
57298
65490
8150
16343
73688
49117
8158 8160
8160
57313
8167
8171
57325
57333
57337
8186 8187
8187
32766
