#/Users/alinabilokonieva/PycharmProjects/bmkgproject/src/runner.py
# GMT Thu Mar 16 02:42:41 2023
# 
161792 153922 153930 154448 154449 154451 154452 154453 154760 154772 154773 154799 154811 154812 154815 154867 154869 154871 155865 155986 156458 156493 156841 157999 160262 161794
161794 168467 170867 184131 189916 192418 193794 199722 203624 207969 209019 213742 217728 218000 218309 218354 218729 218802 218810 219051 219714 220166 220231 220331 220627 221362 221424 221782 222454 222496 222571 222612 223556 223993 224419 226363 233011 236885 258128 263279 264044 273129 283181
160261 153922 153930 154447 154449 154451 154452 154453 154772 154799 154811 154812 154867 154869 154871 155865 155986 156493 156841 160262
160262 163784 168620 170867 170942 171401 181023 181291 183418 185479 193218 193794 194732 198307 205986 206789 208168 213069 214120 215218 217728 219051 219611 220175 222804 223265 223855 230223 230245 230290 230315 230324 231021 259261 273129
220166 1424 153922 154447 154452 154453 154750 154760 154773 154774 154775 154776 155760 156028
264711 1424 153083 153084 153922 153930 154447 154449 154451 154452 154453 154760 154771 154799 154812 154815 154867 154869 154871 155983 155985 155986 155987 156493
198667 729 153084 153922 153924 153929 153930 154447 154733 154771 154798 154799 154810 154811 154815 155983 155987 156493 157999
199692 1424 153922 153924 154447 154449 154450 154452 154453 154750 154760 154772 154774 154775 154776 154799 155547 155760 155865 156028 156080 160987 160988 307754
220175 729 153922 154449 154452 154771 154798 154799 154810 154815 154871 155983 156841 160987
168467 153922 154447 154452 154760 154771 154773 154775 154815 154871 155760 155983 155984 155985 155986 155987 160754
222229 1424 153322 153919 153922 153930 154447 154452 154453 154750 154760 154769 154771 154772 154773 154774 154775 154776 154815 154867 154869 154871 155547 155760 155983 155984 155985 155986 155987 156028 156841 182551 307754
152090 729 154452 160754 154798 153922 155986 154815 153924 155983 154810 156028 154771 153930 155987 154871
219167 153084 153699 153922 154447 154452 154453 154750 154760 154799 154815 154867 154869 154871 155983 155985 155986 155987 156080 307754
223265 153079 153083 153084 153482 153919 153922 154450 154750 154760 154771 154799 156028 160473 160987
166947 1424 153922 154447 154452 154453 154750 154760 154769 154773 154775 154799 155547 155760 160754 307754
199722 153922 154447 154452 154453 154760 154773 154799 154812 154815 154867 154869 154871 155986 156080 156841
181291 153922 153930 154448 154449 154452 154453 154760 154772 154798 154811 154812 154867 154869 154871 155865 155986 156493
307754 158473 168573 168620 171401 181363 183418 183931 183991 184392 191115 191970 192350 193774 193794 194177 197493 204039 205986 207969 208168 214120 214938 216572 217007 218008 218101 218354 219051 220231 221424 221543 222454 222567 223514 224734 224843 225140 230179 230223 230228 230245 230250 230316 230324 230989 236885 242797 257748 259261 260321 263279 263413 264044
283181 153083 153084 153922 153924 154447 154452 154771 154775 154798 154815 154871 155983 155984 155985 155986 155987 160754
233011 729 153079 153084 153699 153922 153924 154447 154452 154479 154733 154771 154773 154774 154775 154776 154810 155760 156028
206388 1424 153079 153322 153482 153922 153924 154450 154750 154760 154772 154775 154776 154799 154811 155547 155760 156028 156493 160988
197690 153083 153084 153699 153922 153924 154447 154452 154771 154774 154775 154798 154810 154815 154871 155760 155984 155985 155986 155987 158474
226363 153922 153930 154448 154449 154452 154453 154760 154773 154811 154812 154815 154867 154869 154871 155983 155984 155985 155986 155987 156493 156841
220331 1424 153922 154447 154449 154452 154453 154760 154769 154773 154815 154867 154869 154871 155986
219714 1424 153922 154447 154448 154452 154453 154760 154771 154815 154867 154869 154871 155983 155986 156080
219715 1424 153922 154447 154452 154453 154750 154760 154811 154815 154835 154867 154869 154871 155983 155984 155985 155986 155987 156080
214599 1424 153322 153922 153924 154447 154450 154452 154453 154750 154760 154772 154774 154775 155547 156817 158474 160987
184392 1424 153922 154447 154448 154452 154453 154750 154760 154772 154799 155547 156817 158474
220231 153922 154452 154453 154750 154773 154799 154812 154815 154867 154869 154871 155983 155986 156841
224331 729 153083 153084 153919 153922 153929 153930 154450 154733 154771 154775 154815 155983 155987 156028
224843 1424 153922 154447 154449 154452 154453 154750 154760 154799 154815 154867 154869 154871 155983 155984 155985 155986 155987 156841 160988
213069 729 153084 153482 153922 153930 154450 154452 154760 154798 154815 154869 154871 155986 156493 156841 157999 160987
159822 153083 153699 153919 153922 154447 154450 154750 154760 154772 154815 154835 154869 154871 155547 155984 155985 155986 156028
222799 1424 153922 154447 154452 154453 154760 154771 154774 154775 154776 154815 154835 154867 154869 154871 155760 155983 155984 155985 155986 155987
230989 1424 153922 154447 154449 154452 154453 154750 154775 154799 155547 155760 156028 160988
258128 153922 153930 154447 154449 154452 154453 154760 154773 154812 154867 154869 154871 155986 156841
283725 153922 153929 153930 154447 154448 154449 154451 154452 154453 154760 154811 154812 154867 154869 154871 156493
222804 729 153084 153322 153482 153922 154452 154453 154798 154799 154815 154871 155865 155983 155985 155986 156493 157999 160987 160988
221782 1424 153083 153084 153929 154452 154773 154775 154811 154815 154871 155983 155984 155985 155986 155987
163928 1424 153084 153922 154447 154448 154449 154452 154750 154774 154775 154799 155547 155760 156028 160988
175195 153922 154447 154452 154760 154771 154772 154799 154815 154867 154869 154871 155983 155985 155986 156841 160754
216572 1424 153079 153083 153922 154450 154452 154453 154750 154760 154775 154811 155547 155760 156028
207969 1424 153922 153930 154447 154452 154453 154750 154760 154772 154773 155547 155865
153699 155982 158007 180948 189916 191914 192350 193127 193774 193794 195190 195538 203757 208080 211358 213389 213796 216569 218927 219442 219815 221362 221543 223345 223855 225414 226695 231039 240893 245978 258355 258763 277950 278773 283773 283844
224870 729 153083 153084 153930 154449 154771 154775 154776 154799 154815 155760 155983 155987 156028
193127 729 153084 153322 153922 153929 153930 154449 154479 154733 154771 154799 154815 156028
214120 153079 153919 153922 154450 154750 154760 154815 154871 155984 155985 155986 156028
218729 1424 154447 154448 154452 154453 154771 154773 154815 154835 154867 154869 154871 155983 155986 156494
154733 155982 160175 183217 191914 194758 201843 214952 218927 219815 223345 226695 228089 242972 258355 258763 278773 282795 283773
231021 729 153084 153322 153922 153924 153929 154452 154771 154798 154799 154810 154811 154815 156841 160988
183407 729 153083 153922 154448 154449 154452 154453 154750 154774 154775 154799 154812 156841 160988
155760 166102 168423 176302 181363 183931 186552 191914 192418 194732 194758 195190 195538 201075 203469 208080 212109 213389 213742 214692 214952 217248 217873 218101 218802 218810 219442 219815 219973 221424 222496 222567 223205 223514 225414 226695 228089 230179 230223 230228 230250 245619 248275 258763 264044 277950 279889 283581
219248 1424 153922 154447 154451 154452 154453 154760 154815 154867 154869 154871 155983 155984 155985 155986 155987
223345 729 153083 153084 153922 153924 153929 153930 154479 154771 154798 154799 154815 156028
181363 1424 153079 153084 153922 154447 154450 154451 154452 154453 154750 154774 154775 154799 154811 155547 156028 160754 160988
201843 729 153084 153922 153930 154447 154452 154479 154771 154811 154815 154871 155983 155985 155986 156493
223855 153922 153929 153930 154448 154449 154452 154453 154769 154771 154798 154810 154815 154871 155983 155985 155986 156458 156494 156841 157999
195190 1424 153084 153919 153922 154447 154452 154750 154775 154776 154799 155547 156028 160988
245874 729 1424 153922 154447 154452 154453 154775 154798 154799 154810 154815 154867 154869 154871 155983 155984 155985 155986 155987
263279 1424 153922 154447 154452 154453 154750 154760 154773 154774 154775 154815 154867 154869 154871 155865 155983 155984 155985 155986 155987 156028
183418 153322 153922 153930 154447 154450 154452 154453 154750 154760 154799 154811 154812 154815 154867 154869 154871 155865 155983 155985 155986 156493 156817 158474
183931 1424 153079 153084 153919 153922 154447 154450 154451 154452 154453 154750 154774 154775 154776 155547 156028 156080
209019 153922 154452 154453 154760 154771 154773 154815 154871 155983 155984 155985 155986 155987
168573 153084 153922 153924 154447 154452 154750 154760 154775 154799 154815 154867 154869 154871 155983 155984 155985 155986 155987 156841
154750 156331 158473 163784 166102 168620 169414 170849 170867 171401 171496 176302 178984 183217 183991 185143 191115 191970 192350 193794 194177 197493 201075 203624 204039 208168 210092 212356 213742 214692 214893 214938 215218 217007 218008 218101 218354 219051 219100 219403 219442 219611 221079 221362 221376 221424 221543 222454 222567 222571 223514 223556 224734 225140 225414 230179 230223 230228 230245 230250 230254 230324 231034 232869 236885 242797 245619 245978 248275 259261 260321 263413 264044 277950 279889 282455 282520 282808 283118 283581
231034 153084 153322 153922 153924 154760 154772 154815 154835 154867 154869 154871 155984 155985 155986 156028
217728 153922 153930 154449 154452 154453 154760 154772 154799 154812 154867 154869 154871 155865 155986 156080 156841 182551
194177 1424 153083 153922 154447 154448 154449 154452 154453 154760 154769 154772 154773 154799 155547 156458
231039 729 153084 153922 153930 154447 154449 154452 154453 154760 154771 154799 154812 154815 154867 154869 154871 155983 155985 155986
283773 729 153084 153930 154449 154452 154479 154771 154799 154815 154871 155983 155985 155986
225414 729 1424 153084 153922 154447 154449 154452 154453 154760 154772 154774 154775 154776 154810 156028
185479 153922 154448 154451 154452 154453 154760 154772 154812 154867 154869 156458 156494 156817 156841 157999 158474
154760 156331 156492 158473 166102 168423 168620 169414 170867 170942 171401 181023 182549 183991 184131 191115 191970 192350 192418 193218 193774 193794 197493 201075 203624 204039 205986 206789 208080 208168 211358 212356 213796 214692 214893 215218 216569 217007 217248 218000 218008 218100 218101 218309 218354 218802 218810 219051 219403 219611 220627 221079 221362 221424 221543 222454 222496 222567 222571 222612 223514 224419 224734 225108 230179 230223 230245 230254 230290 230315 230316 230324 230349 236885 242797 248275 257748 258946 259261 260321 263413 263481 264044 273129 282271 282455 283118 283581 230250
191115 153084 153922 154447 154448 154452 154453 154799 154815 154867 154869 154871 155983 155984 155985 155986 155987 160988 182551
212109 729 153924 154452 154479 154771 154774 154775 154815 154871 155983 155984 155985 155986 155987 156028
224910 729 153930 154447 154449 154452 154453 154479 154771 154815 154871 155983 155985 155986 156841
154769 158473 171401 181023 186552 197493 217007 217873 218008 218101 219403 221424 230245 230254 232869 263481 273129 283118
156817 158473 163784 182549 186552 201075 217873 219611 224734 230316 242797 260321 267509
154771 155982 160175 166284 170849 176302 180948 184131 185209 186552 189916 191914 192381 193774 194732 194758 203469 204039 206167 208080 210159 213389 213796 214952 216569 217248 217873 218000 218354 218802 218810 218927 219442 219815 219973 220627 221543 222496 222612 223205 223993 224200 224419 225108 226695 228089 231058 240893 242972 258355 258763 267509 278773 282795 283844
154772 158473 168620 170867 171401 171496 181023 182549 183991 191970 193218 193774 193794 197493 201075 203624 204039 205986 206789 208168 215218 216569 217007 218000 218008 218309 219051 221079 221424 230245 230254 230290 230315 230316 230324 236885 242797 259261 263413 273129
154773 158007 158473 168423 170867 171401 181023 183991 184131 189916 192381 197493 203624 213742 213796 217007 218000 218008 218101 218309 218354 219051 220627 221362 221424 221543 222454 222567 222571 223514 223556 223993 230245 236885 263481 264044 282795 283118
154774 166102 176302 183991 186552 191914 192418 194732 194758 208080 212356 213742 213796 214893 217007 217248 217873 218101 219051 219442 221362 221424 222496 222567 222612 223205 223514 223993 224200 230223 230228 230250 245978 248275 258355 264044 277950 278773 282520 283581
154775 166102 166284 168423 170849 176302 183991 186552 191914 192381 192418 194732 194758 195538 201075 203469 208080 210092 212356 213389 213742 213796 214692 214893 214952 216569 217007 217248 217873 218101 218802 218810 218927 219051 219100 219442 219517 219815 219973 220627 221079 221362 221376 221424 222496 222567 222612 223205 223514 223993 224200 224419 225140 226695 228089 230179 230223 230228 230250 240893 245619 245978 248275 258355 258763 264044 267509 277950 278773 279889 282455 282520 283581
154776 168423 176302 191914 192418 194732 194758 195538 213742 217248 219815 221362 221424 222567 223205 228089 230179 230223 230228 230250 245619 264044 283581
231058 729 1424 153084 153922 153929 154448 154452 154798 154799 154815 154871 155983 155984 155985 155986 155987
282271 153922 153930 154448 154453 154799 154812 154815 154867 154869 155865 155985 155986 156494
217248 153083 153084 153922 153930 154447 154452 154815 154871 155983 155984 155985 155986 155987 156028
205986 153322 153482 153922 154448 154449 154450 154452 154453 154812 154815 154867 154869 154871 155983 155986 156458 157999 160473 160987 182551
198307 153322 153482 153922 154451 154452 154799 154815 154871 155865 155983 155985 155986 157999 160987
214692 1424 153084 153922 153924 154447 154449 154452 154453 156028 158474
224419 153922 154448 154452 154453 154815 154871 155983 155984 155985 155986 155987
230223 1424 153322 153922 154447 154448 154450 154452 154453 154799 154815 154867 154869 154871 155547 155865 155983 155984 155985 155986 155987 156028 156494 160988
219815 729 153919 153929 153930 154479 154815 155983 155987 156028
156841 158473 168423 168620 170867 182549 183991 184131 189916 191970 193794 197493 203469 203624 203757 206789 213796 217873 218000 218008 219403 219611 222567 223556 224734 225108 230245 230250 230254 230315 236885 257748 258946 259261 260321 264044 267509 282520 282795
156331 153922 153930 154447 154449 154452 154453 154799 154812 154815 154867 154869 154871 155983 155985 155986
168620 153482 153922 153930 154447 154449 154451 154452 154453 154799 154812 154815 154867 154869 154871 155865 155983 155986 156080 156458 157999
194732 153079 153922 154449 154450 154452 154798 156028 160987
154798 155982 160175 163784 170849 176302 178984 180948 183217 183752 184494 185209 186552 192381 206167 210159 213389 214952 217873 218576 218927 219973 223205 223993 225108 226695 230290 230312 232869 240893 242972 245978 258763 273129 277950 278773 282520 282795 283844
154799 155982 158473 160175 163784 166102 170849 170867 171401 176302 178984 181023 182549 183217 184131 184494 185209 186552 191914 192381 193794 195538 197493 201075 203469 203757 206167 208168 210159 212356 213389 213742 214938 215218 216569 217873 218008 218927 219051 219403 219442 219611 219973 221362 221376 221424 222567 223205 223514 223556 225108 230228 230254 230315 230316 230324 230349 232869 236885 242972 245978 248275 258355 258763 259261 260321 263413 264044 273129 279889 282455 282520 282808 283581 283844
176302 729 153083 153084 153922 154447 154452 154810 156028 160988
184494 153084 153922 154448 154452 154453 154815 154871 155983 155984 155985 155986 155987 156494
210092 1424 154447 154452 154453 154815 154867 154869 154871 155983 155984 155985 155986 155987
215218 153922 153924 154447 154448 154452 154453 154810 154815 154867 154869 154871 155547 155983 155984 155985 155986 155987 156493 156494 158474 160988
218802 1424 153922 153930 154447 154448 154452 154453 154815 154867 154869 154871 155983 155984 155985 155986 155987
221362 1424 153079 153084 153922 154447 154448 154450 154452 154453 155547 160988
183991 1424 153922 154447 154449 154452 154453 154811 154815 154867 154869 154871 155983 155985 155986 155987 156080 156493
186552 729 153083 153084 153919 153922 153924 153929 154447 154452 154453 154810 156028 156494 158474
282808 153922 154447 154452 154453 154811 154812 154815 154867 154869 154871 155983 155986 156080 156493
154810 178984 180948 183217 192381 206167 208080 208168 210159 214952 218576 219403 219517 219973 223205 223993 226695 230290 236885 242797 242972 245978 258355 258763 264044 273129 282795 283844 230250
154811 158007 166102 168423 182549 183752 185209 203624 213796 218927 219973 221079 221543 222567 223514 224200 225108 230228 230316 230349 232869 257748 260321 278773 282455
154812 158007 170867 178984 181023 182549 183752 185143 193218 193794 197493 203624 204039 206789 211358 218576 223556 230254 230315 230316 230324 230349 257748 259261 263413 263481 283118
218810 1424 153922 153930 154447 154448 154452 154453 154815 154867 154869 154871 155983 155984 155985 155986 155987
259261 153922 154449 154451 154452 154453 155865
154815 155982 156492 160175 166284 168423 169414 170849 171401 171496 180948 181023 185143 185209 189916 191914 191970 192350 192381 192418 193218 193774 194758 203469 203624 203757 204039 206167 206789 208080 210159 211358 213389 214893 218000 218008 218100 218101 218309 218354 218576 218927 219051 219100 219517 219611 219973 220627 221079 221543 222567 222571 222612 223514 223556 223993 224200 224734 225108 226695 228089 230312 230315 230324 232869 240893 242972 245619 257748 258946 263413 273129 278773 283118 283844
221376 1424 153079 153922 154447 154449 154450 154452 154453 155547 158474 160988
230228 1424 153919 153922 154447 154450 154452 154453 155547 155987 156028 160988
193218 153922 153930 154448 154449 154451 154452 154453 154867 154869 154871 155865 155986 156493 156494
279889 1424 153922 154447 154451 154452 155547 156028 156080 160754 160988
283844 729 153084 153922 154447 154452 154871 155983 155985 155986
218309 1424 153922 154447 154449 154452 154453 154867 154869 154871 155983 155986
194758 729 153930 154447 154448 154449 154452 154479 154871 155983 155984 155985 155986 155987 156028
258763 729 153084 153922 153924 154451 154452 154479
203469 153084 153922 154452 154871 155983 155985 155986 155987
208080 153084 153922 153924 154450 154452 154871 155983 155984 155985 155986 155987 156028
154835 166284 170849 171496 191970 192350 214893 218000 219100 223514 245619
180948 729 153084 153322 153922 153924 153930 155983 155985 155987 160473 160987
257748 153922 154447 154452 154453 154867 154869 154871 155983 155986 156493 158474
166102 1424 153922 154447 154452 154453 155547 156028 160988
729 155982 158007 160175 163784 166284 170849 170942 171401 178984 183217 183752 185209 191914 206167 210159 213389 214952 218576 218927 219403 219442 226695 228089 230290 245978 258355 273129 278773
155865 169414 171401 193794 219051 219611 230312 230324
160473 181023 185209 197493 219403 230179 230245 230254 230290 230316 236885 260321 273129
160987 169414 170942 171496 230290 242797 273129
160988 163784 203757 208168 212356 216569 219403 222454 230179 230250 230290 245619 245978 248275 282455 282520 283581
245978 153922 153924 154447 154452 154453 155547 156028 182551
260321 153922 153924 154447 154452 154453 155547 156494 158474
273129 1424 153322 153482 153922 154447 154448 154450 154452 154453 154869 154871 155547 155983 155985 155986 156458 156493 156494 157999
153322 169414 230245 230290 242797
193774 1424 153083 153084 153922 153930 154447 154449 154450 154452 154453 154867 154871 155983 155985 155986
210159 153084 153922 153924 153929 153930 154447 154449 154451 154452 154453 154871 155983 155984 155985 155986 155987 156493
213742 1424 153084 153922 154447 154452 154453 155547 156028
221424 1424 153922 154447 154452 154453 155547 156028
218354 1424 153922 154447 154450 154452 154453 154867 154869 154871 155547 155983 155984 155985 155986 155987 156080
154867 156492 158007 168423 170849 170942 171401 181023 182549 183752 185143 191970 192418 203624 204039 206789 211358 214893 218000 218008 218100 218101 219051 219100 219611 219973 220627 221543 222567 222571 223514 223556 224734 230312 230315 230324 230349 232869 245619 258946 263413 263481 267509 283118
154869 156492 168423 169414 170849 170942 171401 171496 181023 182549 185143 191970 192418 203624 204039 206789 211358 214893 218008 218100 218101 218576 219051 219100 219611 219973 220627 222567 222571 223514 223556 224734 230312 230315 230324 230349 232869 245619 258946 263413 263481 283118
222454 153084 153922 154447 154449 154452 154453 155547 182551
154871 155982 156492 160175 166284 168423 169414 170849 170942 171401 171496 181023 182549 184131 185143 185209 189916 191914 191970 192350 192381 192418 195538 203624 203757 204039 206167 206789 211358 213389 214893 218000 218008 218100 218101 218576 219051 219100 219517 219611 219973 220627 221079 221543 222567 222571 222612 223514 223556 223993 224200 224734 225108 230312 230315 230324 230349 232869 240893 242972 245619 258946 263413 267509 278773 283118
263413 153083 153084 153922 153924 153930 154447 154452 154453 155983 155984 155985 155986 155987 156080
223993 1424 153084 153922 153924 154447 154448 154452 155983 155984 155985 155986 155987 156028
228089 153079 153084 153929 153930 154447 154449 154479 156028
267509 153922 153930 154447 154449 154452 154453 155983 155984 155985 155986 155987 158474
278773 153083 153084 153922 153929 153930 154449 154452 154479 155983 155984 155987 156493
240893 153084 153922 154452 155983 155984 155985 155986 155987 160754
193794 153922 154452 154453
204039 153922 153930 154447 154452 154453 155983 155984 155985 155986 155987
158473 1424 153922 154447 154451 154452 154453 158474
158474 168423 182549 201075 217873 219611 222567 224734 230316 242797
219403 1424 153084 153922 154447 154450 154451 154452 154453 155547 182551
217873 1424 153083 153084 153922 153924 154447 154452 156028
182549 153922 153930 154448 154449 154451 154452 154453 155986 156493 182551
182551 192381 206789 218008 224734 230254 230324
223514 1424 153084 153922 154447 154448 154452 154453 155983 155984 155985 155986 155987 156493
242972 153083 153084 153922 153924 153929 154448 154452 155983 155984 155985 155986 155987
181023 153922 153930 154447 154449 154452 154453 155986 156458 157999
222496 153083 153919 153922 154448 154452 154453 156028 160754
230179 1424 153482 153919 153922 154447 154452 154453 155547 156028 160754
213796 1424 153083 153084 153922 154447 154449 154452 154453
178984 153084 153922 153924 154447 154449 154451 154452 154453
208168 1424 153922 154447 154450 154452 154453 155547
156458 163784 218008 219611 222571 230245 230254 263481
157999 163784 185209 197493 230290 263481
218927 153083 153084 153922 154479 155983 155987 156493
219442 153079 153084 153922 153924 154447 154449 154450 154452 156028
258355 1424 153922 153924 154449 154452 154453 154479 155547 156028 156080
158007 1424 153084 153922 153929 153930 154447 154452 154453
185143 153922 154447 154448 154452 154453 155983 155984 155985 155986 155987
263481 153084 153922 154447 154448 154452 154453 156494
153919 192418 213389 214952 222567 223205 230250 245619
153922 155982 156492 160175 163784 166284 168423 169414 170849 170867 170942 171401 171496 183217 183752 184131 185209 191970 192350 192381 192418 197493 201075 203624 203757 206167 206789 211358 212356 213389 214893 214938 214952 216569 217007 218000 218008 218100 218101 218576 219051 219517 219611 219973 220627 221079 221543 222567 222571 222612 223205 223556 224734 225108 225140 226695 230245 230254 230290 230312 230315 230316 230324 230349 232869 236885 242797 248275 258946 264044 277950 282455 282520 282795 283118 283581 230250
184131 154447 154448 154452 154453 155983 155984 155985 155986 155987 160754
153924 169414 171496 192381 195538 212356 213389 214952 218576 219973 223205 230290 248275 282520 282795
219973 154447 154452 155983 155984 155985 155986 155987
223556 153930 154447 154449 154452 154453 155983 155985 155986
153929 155982 160175 183217 183752 192381 203757 206167 213389 214952 282795
153930 155982 160175 171401 183752 185209 203757 206167 206789 213389 218101 219051 221543 225108 230290 230312 230324 230349
156492 1424 154447 154448 154452 154453 155983 155986 156493 156494
156493 168423 183752 185209 203624 221543 222567 224200 225108 230349 232869
156494 221543 230315 282455
155982 1424 153083 153084 154449 154452 154479 155983 155984 155985 155986 155987
154447 160175 163784 168423 169414 170849 170867 170942 171401 171496 183752 189916 191970 192350 192381 195538 201075 203624 203757 211358 212356 214893 214938 216569 217007 218000 218008 218100 218101 218576 219051 219100 219611 220627 221079 221543 222567 222571 222612 224200 224734 225108 225140 230245 230250 230312 230316 236885 242797 245619 248275 258946 264044 277950 282455 282795 283118 283581
155985 166284 168423 169414 170849 171401 171496 185209 189916 191970 192350 192381 192418 195538 206167 214893 218008 218100 218101 219051 219100 219517 219611 220627 221543 222567 222571 222612 224200 224734 225108 230324 245619 258946 283118
154448 163784 170849 171401 192418 201075 203624 211358 214938 217007 219100 220627 221543 222612 236885
154449 170867 183217 185209 197493 203624 206167 211358 213389 214938 214952 219051 221543 222567 225108 225140 226695 230245 230250 230290 230312 230316 236885 245619 282795 283118
154450 160175 163784 166284 170867 170942 171401 171496 183217 206167 212356 214938 219051 219611 221543 230245 230290 230315 230324 277950 282520
154451 170867 170942 183752 203624 206789 211358 214938 219611 230290 230312 230315 230316 230349
154452 163784 168423 170849 170867 170942 171401 183217 183752 185209 189916 191914 191970 192381 192418 195538 197493 201075 203624 203757 206167 206789 211358 212356 213389 214893 214938 214952 216569 217007 218000 218008 218100 218101 218576 219051 219100 219517 219611 220627 221079 221543 222567 222571 222612 223205 224200 224734 225108 225140 230245 230250 230254 230290 230312 230315 230316 230324 230349 232869 236885 242797 245619 248275 258946 264044 277950 282455 282520 282795 283118 283581
154453 163784 168423 170867 171401 183752 185209 191970 192350 192418 197493 201075 203624 206789 211358 212356 214938 216569 217007 218000 218008 218100 218101 218576 219051 219100 219611 220627 221079 221543 222567 222571 222612 224734 225140 230245 230254 230312 230315 230316 230324 230349 232869 236885 242797 245619 248275 258946 264044 277950 282455 282520 282795 283118 283581 230250
155983 160175 166284 168423 170849 171401 185209 189916 191914 191970 192381 192418 195538 203624 203757 206167 206789 213389 214893 218000 218008 218100 218101 218576 219051 219100 219517 219611 220627 221079 221543 222567 222571 222612 224200 224734 225108 226695 230324 232869 245619 258946 283118
155984 166284 168423 169414 170849 171496 192350 192381 192418 195538 214893 218100 218101 219051 219517 219611 220627 221543 222567 222612 224200 224734 225108 245619 258946
155986 166284 168423 169414 170849 170942 171401 171496 185209 189916 191970 192350 192381 192418 195538 203624 206167 206789 211358 214893 218000 218008 218100 218101 218576 219051 219100 219517 219611 220627 221543 222567 222571 222612 224200 224734 225108 230312 230315 230324 230349 245619 258946 283118
155987 160175 166284 168423 169414 170849 171401 191914 191970 192381 192418 195538 213389 214893 218008 218100 218101 219051 219100 219517 219611 220627 221079 221543 222567 222612 224200 224734 225108 226695 232869 245619 258946
206167 153084
225108 153084
192350 155547 156028
282455 155547 156028 156080
170849 1424
230245 1424 153482
221543 153084 156080
203624 153084 156080
222567 1424 155547 156028 156080
230250 1424 155547 156028 160754
222571 1424
264044 1424 155547 156028
214893 1424 156028
230254 155547
154479 160175 183217 191914 214952 226695 282795
170867 155547
201075 1424
197493
225140 1424 153079 153084 155547 156028 156080 160754
245619 1424 156080 160754
185209
156028 166284 169414 171496 191914 192418 212356 213389 214952 216569 217007 218101 226695 248275 277950 282520 283581
192381 153083 153084 160754
219517 153083 153084 155547
258946 1424
212356 1424 155547
226695
171401 1424 153482 155547
153482 169414 170942 171496 230290 230324
166284 153084
213389 153084
1424 168423 170942 183217 191970 203757 214938 217007 218000 218008 218101 219100 220627 221079 223205 242797 248275 277950 283581
218000 160754
230290 155547
222612
236885 155547
221079 156080
218008
282520 153084 155547 160754
214938 155547 160754
155547 169414 171496 214952 219051 219100 219611 230324 242797 248275 277950
211358
192418 153079
232869
214952 153084
230312
191914 153084
219051 153079 160754
230315 156080
230316
160175 153084
156080 168423 191970 206789 230324
183217 153084
217007
230324
283581
170942
277950
206789
169414 153079
242797
163784 153084 160754
183752 153084
224200 153079 153084
230349
218576
195538 153079 153084
220627
248275 153084 160754
219611 153084
189916 153084 160754
219100
224734
282795 153084
191970 153084 160754
223205 153084
168423
171496 153079 153084
203757 153084
283118
160754 218100
218100
218101
153079 216569
216569 153083 153084
153083
153084
