#/Users/tobiasbreuer/Desktop/E&OR/Building and Mining Knowledge Graphs/Project/ProjectCode/src/runner.py
# GMT Tue Mar 14 18:32:38 2023
# 
161792 153922 153930 154448 154449 154451 154452 154453 154760 154772 154773 154799 154811 154812 154815 154867 154869 154871 155865 155866 155986 156458 156493 156841 157999 159216 160262 161793 161794
161793 168620 180183 181023 182549 185479 217728 230340 230349 230356 273129 278930
161794 162052 165226 168453 168467 168558 170867 175884 176926 178084 182087 182884 184131 185314 189916 190913 191829 192418 193526 193794 199722 203070 203572 203624 207395 207969 208028 209019 209167 209219 213742 216259 217220 217728 217772 217847 217935 218000 218197 218309 218354 218452 218504 218586 218729 218802 218810 218834 219051 219394 219573 219714 219940 220166 220227 220231 220331 220627 220877 221228 221258 221362 221424 221678 221782 222028 222236 222454 222496 222523 222571 222612 222729 222909 222974 223556 223936 223993 224419 224747 225851 226363 230219 230296 233011 236885 240350 243305 244951 249830 258128 263279 264044 265286 272841 273129 283181
196613 729 153083 153084 153699 153922 153929 154479 154733 154771 154811
194567 153084 153699 154479 154733 154771 154775 154815 155968 156028 307451
194570 153083 153084 153922 153924 154479 154733 154810 155710 157680 307451
196619 153922 154447 154449 154452 154453 154760 154769 154773 154812 156458 156841
198667 729 153084 153922 153924 153929 153930 154447 154733 154771 154798 154799 154810 154811 154815 155983 155987 156493 157680 157999
219149 153922 154447 154451 154452 154453 154812 154867 156817 158474
221194 1424 153922 154447 154452 154453 154750 154760 154772 154775 154776 155760 156080 311520
188447 153922 154449 154452 154453 154760 154769 154773 154812 154867 154869 156458 307754 329373
219167 153084 153699 153922 154447 154452 154453 154750 154760 154799 154815 154867 154869 154871 155983 155985 155986 155987 156080 160677 307754
223264 153084 153922 153924 153929 154447 154798 154799 154810 158299 326344
223265 153079 153083 153084 153482 153919 153922 154450 154750 154760 154771 154799 154868 156028 160047 160262 160473 160987 308674
230223 1424 153322 153922 154447 154448 154450 154452 154453 154750 154760 154774 154775 154776 154799 154815 154867 154869 154871 155547 155758 155760 155865 155983 155984 155985 155986 155987 156028 156261 156494 160047 160262 160988 307754
276521 729 2321 154479 154733 154771 154775 154811 155983 155987 156493 160754
219178 729 2566 153079 153084 153922 153929 154774 154775 154799 158299 318337
282667 153195 153219 153292 153467 154374 155175 156342 160461 160463 160465
221228 153922 154447 154452 154760 154771 154773 154775 160754
247852 153084 153699 154450 154799 154815 155984 156028 158166 160047
221231 1424 153083 153929 154447 154452 154479 154733 154811 154815 156028
200754 729 153083 153084 153699 153922 154479 154733 154771 154775 154798 154810 154811 155968 156028
219192 153922 154447 154448 154452 154453 154760 154815 154871 155983 155987 156080 156841
227385 729 153084 153922 153924 154447 154449 154452 154771 154798 154799 154810 155760 156028 162896
184378 153077 153084 153922 153924 154447 154451 154452 154453 154750 154775 154799 155547 156028 156496 160988 313670
184380 153080 153919 154447 154835 155984 155985 156028 156031 158188
223293 153195 153219 153292 153464 153467 154374 155175 160461 160465 160786
155710 168635 177767 183669 184004 193134 194680 195058 205632 205981 205982 216259 218861 219582 219995 220761 221782 223362 223383 223855 223866 242972 258763 262872 265982
184385 1424 153084 153922 154447 154450 154452 154453 154760 160988 313670
278598 729 153084 153922 153924 153929 153930 154452 154479 154733 154798 154815
227399 153699 153922 153929 154447 154452 154453 154760 154772 154773 156080 156841 311520 343612
184392 1424 153922 154447 154448 154452 154453 154750 154760 154772 154799 155547 156817 156842 158474 162238 307754
268359 153322 153482 153922 154450 154760 154772 154835 154868 154869 154870 154871 155986 160473 160658 160987
221258 1424 153922 154447 154452 154750 154760 154773 160754
213069 729 153084 153482 153922 153930 154450 154452 154760 154798 154815 154869 154871 155986 156493 156841 157999 159684 160262 160987
159822 153083 153699 153919 153922 154447 154450 154750 154760 154772 154815 154835 154836 154868 154869 154870 154871 155547 155984 155985 155986 156028 157788 308674
235599 1424 153922 154447 154449 154450 154452 154453 154750 154760 154770 154799 155547 156080 156841 329373
161872 153921 153922 153929 154479 154733 154798 154799 154810 307422
258128 153922 153930 154447 154449 154452 154453 154760 154773 154812 154867 154869 154871 155986 156841 159216
163928 1424 153084 153922 154447 154448 154449 154452 154750 154774 154775 154799 155547 155760 156028 160988
157787 153482 153922 154760 154799 155113 155983 157788 157999 160987 160473
157788 170942 195732 206388 206764 212149 221406 228338 230290 247619 273129
163932 153922 153930 154449 154452 154453 154760 154769 154772 154773 154812 154867 156458 157999 159263
239714 153079 153919 153921 153922 154760 154772 154868 162896 326344
153699 154813 154857 155546 155982 158007 158298 158613 161243 162940 162982 163676 164463 166354 166363 166440 166523 166524 166571 169304 175046 175578 175884 177767 180054 180698 180948 181312 182087 182448 182663 183799 183898 184546 184851 185153 188160 189189 189542 189604 189916 191654 191914 192350 193127 193134 193774 193794 194502 194784 195190 195538 195542 195717 196231 196758 197163 197385 197690 198308 199154 201426 203519 203572 203578 203717 203757 204619 205496 205632 205982 206707 207182 208029 208080 208116 208373 209219 211358 213389 213796 214854 214999 215569 216569 216593 217220 217935 218004 218020 218096 218191 218221 218266 218340 218422 218518 218667 218878 218906 218927 219057 219086 219442 219477 219582 219594 219738 219781 219782 219815 219995 220571 220989 221097 221158 221310 221362 221432 221543 222368 222772 222864 223345 223362 223436 223543 223674 223787 223853 223855 224112 224271 224616 224891 224914 224981 225112 225134 225139 225226 225414 226024 226601 226695 227428 230929 230965 231039 231837 233011 236450 240893 242666 245978 247046 250645 254787 257083 258355 258763 259493 260661 261585 261922 262378 262872 263627 263706 265982 267780 271644 273628 277950 278773 281347 281737 281878 282926 283773 283844 283992
227428 729 153084 153922 153929 153930 154479 154733 154771 154815 155983
192617 153083 153924 154448 154452 154774 154775 154871 155983 155984 155985 155986 155987
223337 1424 153922 154447 154452 154453 154750 154760 154772 156841 156842 343612 307754
221291 729 153084 153922 154447 154449 154452 154771 154798 156028
184429 1424 153922 154447 154452 154453 154760 164480 184430 320500
155758 168620 170885 185479 198307 206764 207969 218555 224900 230263 230349 273129 283167
184430 192626 193786 211358 213515 217859 218157 219430 220311 223697 224288 263276 282808 283725
155760 158187 163676 166102 166363 166947 167820 168423 168467 168913 171653 175884 176302 177538 178999 180054 181363 182087 183931 186552 188160 189533 190018 190657 190754 191914 192418 193744 194502 194732 194758 195190 195538 195542 196758 197690 198901 199692 201075 203070 203469 206388 207395 208028 208080 212109 212614 213389 213742 214692 214952 215891 216572 216593 217248 217847 217873 218101 218191 218359 218377 218802 218810 219381 219442 219553 219815 219973 219995 220166 220620 220682 220896 220933 221310 221424 221731 222229 222496 222567 222799 222974 223205 223514 223733 223936 224548 224812 224870 225414 226695 228089 228690 230179 230228 230250 230989 233011 236063 244951 245619 248275 250554 251821 258763 259493 259642 262378 263627 264044 267780 271400 277950 279889 281144 283581
196717 729 153083 153084 153922 153929 154447 154452 154771 154798 154799
192626 153084 153922 154447 154451 154452 154453 154750 154799 154811 154812 156494 156495 164480
219248 1424 153922 154447 154451 154452 154453 154760 154815 154867 154869 154871 155983 155984 155985 155986 155987
223345 729 153083 153084 153922 153924 153929 153930 154479 154733 154771 154798 154799 154815 156028
245874 729 1424 153922 154447 154452 154453 154775 154798 154799 154810 154815 154867 154869 154871 155983 155984 155985 155986 155987 308674
270448 1424 153084 153922 153929 154447 154452 154453 154750 154798 154799 154810 326344
194680 153083 153084 153922 153924 154479 154733 157680 307451
209018 729 153084 153929 153930 154449 154450 154479 154733 154771 154799 155968 156028
209019 153922 154452 154453 154760 154771 154773 154815 154871 155983 155984 155985 155986 155987
219259 153929 154450 154479 154733 154771 154775 154810 154815 156028
221310 729 153083 153084 153922 154771 154775 154776 154798 154799 154810 156028
217216 153922 154452 154453 154760 154812 156817 156841 158474 160754
223362 729 10895 153084 153929 153930 154479 154733 154815
217219 153083 153084 153922 153929 154452 154798 154799 154810 154836 154871 155983 159684
217220 154447 154452 154773 154774 154775 154871 155983 155984 155985 155986 155987 308520
225414 729 1424 153084 153921 153922 154447 154449 154452 154453 154750 154760 154772 154774 154775 154776 154810 156028 308674
196743 153922 154760 154771 154772 154815 154868 155866 160262 160987
239753 153176 153195 153525 154374 155175 155293 156342 156729 160460 160465 160470
163990 729 153084 153922 153929 154447 154449 154452 154771 154798 154799
196758 1424 153922 153923 153924 154447 154452 154773 154774 154775 154799 156028
196760 153294 153922 154448 154452 154453 154760 154769 154812 156495 156817
223383 1424 153922 154452 154479 154733 154798 154799 154811
217246 153083 153084 154452 154771 154775 154815 154871 155983 155984 155985 155986 155987
217248 153083 153084 153922 153930 154447 154452 154760 154771 154774 154775 154776 154815 154871 155983 155984 155985 155986 155987 156028
278688 153219 153292 153294 153464 153467 153525 154357 154374 155175 155293 156729 160461 160786
217250 154447 154453 154775 154815 154835 155984 155985 155986 156030
194724 729 153084 153922 153924 154449 154771 154798 154799 154810
223399 1424 153922 154447 154452 154453 154750 154760 154775 311520
262313 729 2321 153084 153553 153922 153929 154448 154798 154799
270507 729 153922 153929 154447 154479 154733 154771 154798 154810 154815 156493
194732 153079 153922 154449 154450 154452 154771 154774 154775 154776 154798 156028 160262 160987
282795 153084 153922 153924 153929 154447 154449 154452 154453 154479 154733 154771 154773 154798 154810 156841
176302 729 153083 153084 153921 153922 154447 154452 154750 154771 154774 154775 154776 154798 154799 154810 156028 156030 158188 160988
184494 2321 153084 153922 154448 154452 154453 154798 154799 154815 154871 155983 155984 155985 155986 155987 156494
182448 153079 153080 153084 154799 154815 155987 156028 156031
215218 153922 153924 154447 154448 154452 154453 154750 154760 154772 154799 154810 154815 154867 154869 154871 155547 155983 155984 155985 155986 155987 156261 156493 156494 158474 160262 160988 162238 313670 320500
221362 1424 153079 153084 153922 154447 154448 154450 154452 154453 154750 154760 154773 154774 154775 154776 154799 155547 160988
176308 1424 153922 154447 154750 154775 154799 155547 156028 156496 158167 160988 307754
219316 153922 154452 154760 154771 154772 154815 154871 155983 155984 155985 155986 155987 156494 156495
219317 729 153922 153930 154449 154798 154799 154810 154815 155983
247991 729 153294 153553 153921 153922 153923 153924 154452 154776 154798 154810 156031 160987
186552 729 153083 153084 153919 153922 153924 153929 154447 154452 154453 154769 154771 154774 154775 154798 154799 154810 156028 156494 156495 156817 158474
282808 153922 154447 154452 154453 154750 154799 154811 154812 154815 154867 154869 154871 155983 155986 156080 156493 156496
219325 154447 154453 154750 154815 154871 155547 155984 155985 155986 156030 307754 329373
221376 1424 153079 153922 154447 154449 154450 154452 154453 154750 154775 154799 155547 158474 160988 162238
190657 729 153294 153922 154479 154733 154771 154775 154776 154811 154815 156028 156493 158166 307422
245957 729 153084 153922 153929 154447 154798 154799 154810 326344
194758 729 153921 153930 154447 154448 154449 154452 154479 154733 154771 154774 154775 154776 154815 154871 155983 155984 155985 155986 155987 156028 160047
215239 153922 153924 154447 154452 154811 154815 154867 154871 155983 155986 155987 156080 308674
223436 729 153084 153929 154479 154733 154771 154811 154815 155983 155987 156493
223442 1424 153919 153922 154447 154452 154453 154750 154775 154799 155547 156028 307754
223444 1424 154447 154452 154453 154815 154867 154869 154871 155983 155985 155986 155987
219349 729 2321 153084 153922 153929 154447 154452 154798 154810 318337
166102 1424 153922 154447 154452 154453 154750 154760 154774 154775 154799 154811 155547 156028 158166 160988 313670
155865 160261 166847 167101 168620 169146 169414 171401 181291 183418 185467 193218 193788 193794 198307 199692 205767 207969 212149 217728 218956 219051 219611 222804 230219 230312 230324 248552 259261 263279 282271
155866 168969 170942 181023 181291 183418 198307 205767 205980 206671 212149 221089 226675 230290 259261 273129 278930
245978 729 153922 153924 154447 154452 154453 154750 154774 154775 154798 154799 154810 155547 156028 160988 182551
221406 153922 154750 154760 154772 154868 154870 156028 160658 162896 311520 307754
307422 168913 168966 169304 175578 181312 196570 197821 207182 208029 208373 214952 221158 225134 230981 231012 233011 248395 257083 259642 263983
194784 729 153084 153922 153929 154479 154733 154771 307451
260321 153922 153924 154447 154452 154453 154750 154760 154799 154811 155113 155547 156494 156817 156841 158474 160473 307754
184546 153083 153084 153924 154447 154452 154771 154815 155547 156028 156817 158474 308520
202979 154447 154453 154750 154835 155984 155985 156028 156031 161258
311520 156840 170942 175525 178627 179797 185214 189927 193864 196203 197049 206388 206536 206671 207969 213360 214120 214599 217007 217960 218311 218354 218356 218359 218702 218847 218895 219715 219717 219960 220166 220246 220538 221079 221701 222229 224276 226547 226551 226593 228337 242797
262378 729 153083 153084 153919 153922 154447 154452 154760 154771 154774 154775
280814 729 153922 154447 154449 154452 154453 154798 154799 154810 154812
219375 153922 154447 154451 154452 154453 154750 154760 154812 164480 320500
221424 1424 153922 154447 154452 154453 154750 154760 154769 154772 154773 154774 154775 154776 154799 155547 156028 161258 307754
263413 153083 153084 153922 153924 153930 154447 154452 154453 154750 154760 154772 154799 154812 154815 154867 154869 154871 155983 155984 155985 155986 155987 156080 159216 163785 307754
198901 153079 153084 153919 154447 154452 154453 154750 154775 154799
219381 729 153084 153922 154450 154451 154452 154775 154776 154798 156028
278773 729 153083 153084 153922 153929 153930 154449 154452 154479 154733 154771 154774 154775 154798 154811 154815 154871 155983 155984 155987 156493
221432 729 2321 153083 153084 153924 154449 154479 154771 154775 156028 307451
307451 161089 191715 195995 212109 218878 218919 224271
182525 729 153084 153922 153929 153930 154479 154733 154810 154815
219394 153922 154452 154453 154750 154760 154770 154773 154811 154812
162052 1424 153922 154447 154449 154452 154453 154750 154760 154770 160754 319970
270597 153084 153919 154447 154750 154774 154799 156028 156030 158188 307754
215304 153219 153292 153467 154374 155175 156342 160463 160465 160469
219403 729 1424 153077 153084 153922 154447 154450 154451 154452 154453 154750 154760 154769 154799 154810 155547 156841 160473 160988 182551 329373
209167 153922 154447 154448 154452 154453 154760 154771 154775
221455 153922 154449 154451 154452 154453 154760 154812 156080 160754 307754
2321 160986 161243 162070 168423 170849 175046 183698 183968 189916 195717 203717 204619 205632 206764 212614 213742 218004 218096 218990 219100 220535 220600 220682 223787 223993 224039 224548 224981 225134 259642 264516 265881 267812 277802
182549 153922 153930 154448 154449 154451 154452 154453 154760 154772 154799 154811 154812 154867 154869 154871 155986 156493 156817 156841 158474 162238 182550 182551
162070 1424 153084 153922 154447 154452 154798 154799 154815 154871 155983 155985 155986
182550 183418 218354 219051 223514 230324 248552 257748 273129 282271
182551 191115 192381 193505 205986 206789 212405 217728 218008 218377 218990 219424 219544 220101 220761 222229 222454 222732 222733 223070 223729 224734 230254 230324 249830 250554 283992
223514 1424 153084 153922 154447 154448 154452 154453 154750 154760 154773 154774 154775 154799 154811 154815 154835 154867 154869 154871 155983 155984 155985 155986 155987 156493 163785 307754
272667 153922 154452 154750 154760 154812 154815 154871 155983 155985 155986
219424 1424 153922 154447 154452 154453 154750 154760 154772 156841
190754 153922 154448 154452 154453 154760 154771 154774 154775 156028 160754
219430 153084 153922 154448 154449 154452 154453 154811 154812 154867 154869 154871 156493 156496 307754
219431 153922 154447 154449 154452 154453 154750 154760 154769 154773 154799 154812 156841 307754
282926 729 1424 153083 153084 153922 153929 154447 154452 154798
157999 163784 168620 181023 185209 185467 185479 197493 198307 205378 205986 212292 218555 222804 223855 230290 263481 273129 278930
160047 168423 175720 180698 189798 191648 195390 197385 207967 219580 219582 230179 230228 236063 283581
219441 153922 154447 154452 154453 154760 154812 156841 158474 162238 307754
219442 729 153079 153084 153922 153924 154447 154449 154450 154452 154750 154771 154774 154775 154799 156028
258355 729 1424 10895 153922 153924 154449 154452 154453 154479 154733 154771 154774 154775 154799 154810 155113 155547 156028 156080
158007 729 1424 153084 153922 153929 153930 154447 154452 154453 154773 154811 154812 154867
223543 1424 154447 154448 154452 154453 154769 154773 160754
153918 153079 153083 153084 153553 153919 153921 153922 153923 153924
153919 158298 162940 164811 166905 170559 171653 175578 177815 178999 180054 183931 191648 192418 195190 195390 196049 196203 197370 197385 197649 204619 205982 206484 213389 214120 214171 214952 218518 218906 219086 219582 219608 219815 220497 220620 221089 222229 222496 222567 223188 223205 223841 223853 224331 224548 224812 230179 230228 230250 233320 245619 250554 259642 261922 267780 271400
155968 161089 175578 189604 196049 197649 218346 225918 226601 255771
153921 152090 161089 166571 175578 180698 183971 189604 195390 195770 196144 197385 197649 197821 204245 205496 218346 218512 218919 219086 219973 221089 224870 225918 226601 226897 255771 265982 283181
153922 152090 154446 154768 154808 154813 154857 154866 155546 155982 156331 156492 156840 157334 158473 160175 160261 160676 160985 160986 161243 162237 162449 162940 162982 163676 163784 164398 164463 164479 164811 165226 166284 166363 166440 166495 166523 166571 166847 166947 167101 167820 168375 168410 168423 168453 168467 168540 168558 168573 168620 168635 168966 168969 169146 169304 169414 169877 170559 170849 170867 170885 170942 171401 171496 175046 175195 175334 175525 175578 175849 176926 177767 177812 178147 178627 178984 180054 180183 180698 180713 180948 181023 181039 181291 181312 181363 181769 182663 182884 183191 183217 183407 183418 183640 183669 183689 183698 183720 183752 183799 183898 183931 183971 183991 184131 184153 184851 185143 185209 185214 185264 185314 185444 185454 185479 186915 188119 188801 189189 189542 189604 189927 190913 191115 191624 191715 191734 191829 191852 191970 191980 192350 192381 192410 192418 193039 193066 193127 193134 193218 193505 193526 193653 193748 193773 193774 193786 193788 193794 193804 193859 193864 193934 194177 194320 194932 194934 195190 195370 195542 195717 195732 195770 195941 195982 195995 196144 196231 196271 196570 197049 197370 197493 197690 197821 198280 198307 198308 199154 199235 199691 199692 199722 200112 201075 201426 201843 203466 203469 203519 203526 203578 203624 203686 203717 203757 204039 204192 204245 204619 205378 205496 205632 205767 205980 205982 205986 206167 206388 206484 206523 206536 206671 206707 206764 206789 207182 207969 208029 208080 208116 208162 208168 208373 209219 209802 210001 210159 210429 211354 211358 211889 212100 212149 212292 212352 212356 212405 212465 212726 213360 213389 213515 213742 213796 214119 214120 214209 214599 214692 214713 214737 214854 214893 214938 214952 215007 215569 215891 215964 216259 216492 216569 216572 216582 216593 216600 216749 217007 217728 217739 217772 217798 217847 217859 217873 217876 217899 217935 217943 217960 218000 218008 218020 218096 218100 218101 218119 218157 218181 218197 218238 218266 218279 218309 218311 218340 218344 218346 218354 218356 218359 218377 218379 218422 218424 218452 218504 218512 218555 218576 218586 218594 218702 218704 218707 218715 218802 218810 218834 218847 218861 218868 218878 218895 218919 218927 218956 218990 218992 219008 219018 219019 219051 219057 219477 219493 219517 219544 219553 219573 219594 219608 219611 219680 219681 219714 219715 219717 219720 219738 219781 219782 219803 219817 219940 219960 219965 219973 219989 220101 220166 220174 220175 220210 220227 220231 220246 220290 220311 220331 220339 220419 220535 220538 220571 220588 220600 220602 220627 220631 220753 220761 220877 220896 220914 220933 220989 221074 221079 221089 221158 221163 221543 221598 221678 221701 221702 221724 221731 222028 222061 222229 222236 222334 222344 222368 222454 222496 222567 222571 222612 222729 222732 222733 222772 222799 222804 222812 222864 222879 222909 222975 223070 223091 223205 223556 223579 223634 223674 223697 223729 223753 223787 223788 223820 223855 223866 223936 223993 224039 224112 224120 224177 224227 224271 224276 224288 224331 224419 224468 224494 224532 224547 224616 224617 224634 224640 224644 224668 224734 224747 224826 224843 224894 224900 224914 224981 225005 225101 225108 225112 225139 225140 225226 226024 226139 226154 226255 226363 226516 226547 226551 226593 226675 226695 226897 227848 227893 228337 228338 229746 230179 230219 230224 230228 230231 230245 230254 230263 230290 230296 230306 230307 230311 230312 230313 230315 230316 230324 230340 230349 230353 230356 230644 230929 230965 230981 230989 231012 231021 231034 231039 231058 232869 233011 233058 233320 236063 236885 240350 240893 241566 242666 242797 242972 242984 243305 244951 245539 245581 246117 247046 247238 247619 248275 248395 248396 248613 249830 250645 254787 255771 255814 257083 257291 257748 257817 258547 258628 258763 258946 259163 259261 259487 259493 261585 261922 262872 263254 263276 263279 263481 263602 263627 263706 263983 264044 264516 264711 265286 265881 265982 266221 266590 267509 267790 267812 269338 271644 272841 272992 273129 273628 273993 277163 277865 277950 278930 279032 279093 279889 280377 281144 281239 281347 281737 281849 282244 282271 282455 282520 282997 283118 283167 283181 283581 283683 283696 283725 283774 283791 283844 284237 230250
153923 152090 161221 180698 183971 195390 197385 224548
153924 152090 158298 161089 162449 162982 166354 166440 166495 166523 168573 168966 169304 169414 170559 171496 175578 177767 177815 178984 180054 180698 180948 181312 182663 183669 183968 183971 184004 188160 189189 191627 191852 191980 192381 193934 194502 194932 195390 195538 195542 195770 195995 196144 196231 196271 197385 197690 198280 199692 204245 205496 205980 205982 206388 208080 210159 210429 211354 211889 212109 212356 213389 214599 214692 214737 214952 215569 216492 217798 217873 218512 218576 218715 218919 219019 219582 219594 219680 219940 219965 219973 220571 220761 221089 221701 223205 223729 223753 223787 223866 223993 224039 224227 224616 224617 224644 224759 224812 224981 225101 225112 225226 226024 226516 226601 226675 226897 227893 229746 230290 230353 230644 231021 231034 233011 236063 241566 242666 242972 248275 248552 255771 258763 259163 259642 260661 262872 263983 264516 265982 266221 266590 269338 271644 273628 277163 279093 281144 281737 282520 283181 283992
186693 153219 153292 153294 153467 153525 154357 154374 154602 155175 158296
203070 1424 154447 154452 154453 154750 154773 154775 156841 160754
209219 1424 154447 154448 154452 154453 154760 154771
223556 153930 154447 154449 154452 154453 154750 154773 154799 154812 154815 154867 154869 154871 155983 155985 155986 156841
153929 154808 154813 154857 155982 160175 161243 164398 164463 166495 166523 166524 166847 168375 168966 169304 175046 177767 178999 181039 181312 182663 183217 183669 183752 183799 189542 189604 191624 191654 191715 191980 192381 192410 193039 193066 193127 193134 193653 193748 193934 195717 196271 196570 197163 199154 203519 203572 203578 203686 203757 204245 206167 207182 208029 208116 208373 210001 210159 213389 214737 214854 214952 214999 215007 215569 216749 218221 218340 218868 218878 218992 219086 219493 219680 219815 220535 220631 221158 221782 222368 222772 222864 222975 223188 223674 223787 223855 223866 224227 224271 224331 224616 224617 224634 224644 224891 224894 224914 225101 225139 225226 225918 226024 226255 226897 227893 228089 230353 230929 230965 230981 231012 231021 231058 241566 242666 242972 242984 245539 245581 247046 247238 248395 248396 248613 254787 255814 257083 257291 257817 259163 260661 263602 264516 266221 266590 267790 267812 272992 273628 277163 279032 279093 280377 281144 281347 281737 281849 283683 283696 283725 168913 284237
153930 152090 154813 155982 156331 157334 160175 160261 166524 166847 168375 168620 169304 171401 178147 178999 179950 180948 181023 181039 181291 182663 183418 183752 183799 184851 185209 185467 189542 191624 191654 191715 192410 193127 193218 193748 193774 195941 195982 196570 197163 201843 203572 203686 203757 204039 206167 206707 206789 207182 207969 210001 210159 211354 213389 214999 217728 218101 218504 218586 218594 218802 218810 218861 218868 218919 218956 219051 219493 219815 220535 220631 221097 221543 221915 222028 222229 222236 222729 223788 223855 224112 224331 224616 224617 224870 224910 224914 225108 225112 225851 225918 226139 226255 226363 227893 228089 230290 230312 230324 230340 230349 230356 230929 230965 231012 231039 233058 236450 241028 241566 242666 242984 245539 247046 248613 251821 254787 257083 257291 257817 264711 267509 272992 273628 278930 279032 281347 282244 282271 283725 283773 283791 284237
264516 729 153084 153553 154771 154775 154798 154811
313670 181363 194934 217859 219681 223697
155982 729 1424 153083 153084 154449 154452 154479 154733 154771 154798 154799 154815 154871 155983 155984 155985 155986 155987
155983 152090 156331 156492 158613 160175 160676 165426 166284 168423 168467 168573 168620 170849 171401 175195 177815 180183 180713 180948 181769 183418 183991 184004 184131 185143 185153 185209 185264 188801 189533 189916 191115 191627 191829 191914 191970 192381 192418 193774 195058 195368 195538 195941 197163 198307 201843 203466 203469 203624 203717 203757 204039 205981 205986 206167 206789 208080 210001 210092 210159 210429 211354 211889 212109 212614 213389 214893 216749 217556 217739 218000 218004 218008 218100 218101 218309 218354 218422 218576 218667 218729 218802 218810 218822 218927 219018 219034 219051 219100 219132 219517 219611 219714 219715 219815 219973 220175 220231 220627 220753 221079 221097 221543 221782 221915 222229 222567 222571 222612 222799 222804 223733 223855 223993 224112 224200 224263 224331 224419 224532 224734 224843 224870 224910 225108 225139 226363 226695 228690 230324 231039 231058 232869 240893 241028 241099 242666 242972 245539 245619 247046 248613 250645 251821 254787 257291 257748 258946 259642 260661 263254 263279 263627 264711 265881 266751 267509 271400 273129 273628 277865 281347 283118 283181 283696 283773 283844 284237
155984 158187 158613 165224 165794 166284 166354 166905 168423 168467 168573 169414 170849 171496 171653 175720 179797 183751 184131 185143 185264 185429 188801 189533 189798 191115 192350 192381 192418 195368 195538 195938 196203 197690 203466 204039 205981 206536 208080 210092 210159 212109 212614 212726 214119 214120 214171 214713 214893 215891 216600 217556 218100 218101 218354 218802 218810 218822 218906 219034 219051 219132 219517 219580 219611 219715 219817 219973 220627 221543 221782 222229 222567 222612 222799 223184 223579 223743 223820 223841 223993 224200 224276 224419 224532 224734 224843 225108 226363 226593 227848 228337 228690 231034 231058 231837 240893 241099 242972 245619 258946 263279 267509 271400 281878 283181
155985 156331 158187 158613 165224 165426 165794 166284 166354 166905 168423 168467 168573 169414 170849 171401 171496 171653 175195 179797 180948 181769 183418 183751 183991 184131 185143 185209 185264 185429 188801 189798 189916 191115 191627 191970 192350 192381 192418 193774 195058 195368 195538 195938 196203 197690 198307 201843 203466 203469 204039 205981 206167 206536 208080 210092 210159 212109 212614 212726 214119 214120 214171 214713 214893 216600 217556 217739 218008 218100 218101 218354 218802 218810 218822 218906 219018 219034 219051 219100 219132 219517 219580 219611 219715 219817 219973 220627 220753 221543 221554 221782 222229 222567 222571 222612 222799 222804 223184 223579 223743 223820 223841 223855 223993 224200 224276 224419 224532 224734 224843 224910 225108 226363 226593 226675 227848 228337 228690 230324 231034 231039 231058 231837 240893 241099 242972 245619 248552 258946 263254 263279 264711 265881 267509 271400 273129 281878 282271 283118 283181 283773 283844
155986 152090 156331 156492 160261 164479 165426 165794 166284 166354 166905 168423 168467 168573 168620 169414 170849 170942 171401 171496 171653 175195 179797 179950 181023 181291 181769 183418 183751 183991 184131 184851 185143 185209 185429 188801 189916 191115 191627 191734 191829 191970 192350 192381 192418 193218 193773 193774 193786 195058 195368 195538 195938 195941 196203 197690 198307 199722 201843 203466 203469 203624 204039 205981 205986 206167 206536 206789 208080 210092 210159 211358 212109 212614 212726 213360 214119 214120 214713 214893 216600 217556 217728 217739 218000 218004 218008 218100 218101 218309 218354 218576 218667 218729 218802 218810 218822 218906 219018 219034 219051 219100 219132 219517 219611 219714 219715 219817 219973 220231 220311 220331 220627 220753 220914 221543 221554 221782 222229 222523 222567 222571 222612 222729 222799 222804 223184 223579 223743 223820 223855 223993 224200 224263 224276 224419 224532 224734 224843 224910 225108 226363 226593 226675 227848 228337 228690 230312 230315 230324 230349 231034 231039 231058 231837 240350 240893 241099 242972 245619 248552 257748 258946 263254 263279 264711 265881 267509 271400 273129 281878 282271 283118 283167 283181 283773 283844
155987 152090 158613 160175 162982 166284 168423 168467 168573 169414 170849 171401 180183 180713 180948 181769 183991 184004 184131 185143 185153 185264 188801 189533 191115 191914 191970 192381 192418 195058 195538 197163 197690 200112 203466 203469 203717 204039 204619 205981 208080 210001 210092 210159 210429 211354 211889 212109 212614 213389 214893 216749 217556 218008 218100 218101 218354 218667 218802 218810 218822 218927 219034 219051 219100 219132 219517 219611 219715 219815 219973 220627 221079 221097 221543 221782 221915 222229 222567 222612 222799 223733 223993 224200 224331 224419 224532 224734 224843 224870 225108 225139 226363 226695 228690 230228 231058 232869 240893 241099 242972 245619 250645 251821 254787 258946 259642 263279 263627 264711 266751 267509 271400 273628 281347 283181 284237
207182 729 153084 154479 154733
219477 154447 154452 154453 154760 154769 154812 158474 319970
223579 154447 154453 154750 154815 154835 154871 155547 307754
266590 153084 154447 154798 154799 154810 158299 318337
219493 1424 153084 154452 154798 154799 154810 154815 308674
246117 154449 154452 154453 154760 154772 156817 156841 162238
221543 153084 154447 154448 154449 154450 154452 154453 154750 154760 154771 154773 154811 154815 154867 154871 156080 156493 156494 307754
213360 1424 154760 154815 154835 154867 154868 154869 154871
267509 154447 154449 154452 154453 154771 154775 154867 154871 156817 156841 158474
221554 154447 154750 154815 154835 154871 156030 307754
201075 1424 154447 154448 154452 154453 154750 154760 154772 154775 154799 156817 158474 162238 308674
194932 729 153083 153084 154733 154798 154799 154815 154836 157680 159684
229746 1424 153084 154447 154448 154452 154750 154810
194934 153084 154447 154452 154453 154750 154811 156496
282997 1424 153084 154447 154452 154453 154750 154760 154774 154775 156496 164480
283791 153084 154447 154449 154451 154452 154453 154760 154799 154811 154812 156496 160988
156028 152090 158187 158298 161089 165224 166284 166354 166472 166905 168410 168635 168913 169414 170559 171496 171653 175525 175720 175884 177538 177815 178999 181363 183799 183931 183968 188160 188395 189604 189798 190018 191648 191852 191914 192350 192418 193127 193744 195190 195390 195542 195938 195995 196049 196144 196203 197385 197821 198308 199235 199692 205982 206388 206536 206671 208080 212109 212149 212292 212356 213389 213742 214119 214120 214692 214893 214952 216492 216569 216572 216593 217007 217772 217847 217873 217960 218009 218101 218191 218279 218311 218346 218377 218512 218906 219034 219086 219132 219580 219594 219608 219720 219815 219995 220166 220419 220497 220682 220761 221089 221701 221702 221731 222229 222496 222567 223743 223753 223820 223841 223853 223993 224120 224331 224547 224548 224759 224812 224870 225140 226024 226516 226547 226593 226601 226604 226675 226695 226897 228089 228337 230179 230228 230250 230989 231034 231837 233011 233320 236450 242984 248275 251821 255771 259642 263279 264044 267780 271644 277950 279889 281144 281849 282455 282520 283581
219517 153083 153084 154452 154775 154810 154815 154871 155547
156030 165224 165794 171653 189798 191648 195542 197022 206484 207395 207967 214171 217847 219132 223743 223841 223853
156031 158187 165224 165794 166354 171653 175720 180698 192350 195390 195542 196203 206536 214119 217556 221089 222229 222567 223841 263279 267780 271644
188801 154452 154453 154750 154815 154867 154869 154871
196996 153195 153219 153292 153467 153525 154374 154602 155175 160461 160468
182663 729 153084 154799 154815
166284 729 153084 154450 154771 154775 154815 154835 154836 154871
213389 729 153084 154449 154452 154771 154775 154798 154799 154815 154871
223634 154447 154448 154452 154453 154760 154811 154812 156817 307754
278930 154449 154451 154452 154453 154760 154798 154812 156458 160262
219544 154449 154451 154452 154453 154760 154812 156817 307754
211354 729 153084 154771 154798 154799 154810 154815
231837 153084 154771 154815 154835 154836 154871
197022 1424 154447 154452 154453 154771 154773 154774 154775 156080
211358 154447 154448 154449 154451 154452 154453 154760 154812 154815 154867 154869 154871 320500
221598 1424 154447 154452 154453 154750 154760 154771 154774 160754
219553 729 153084 154452 154771 154775 154776 154798 154799 154836
160175 729 153084 154447 154450 154479 154733 154771 154798 154799 154815 154871
156080 156840 166440 168423 168620 169877 175849 183640 183720 183931 183991 184153 185444 189533 190018 191970 193505 194320 199692 199722 201426 203624 206789 208162 214209 215964 216582 217728 217876 218181 218238 218344 218354 218359 218379 218424 218702 218895 219008 219034 219057 219714 219715 219717 219738 220339 220877 221074 221079 221678 222236 222334 222344 222567 222974 224494 224759 225140 226154 230224 230315 230324 245619 279889 282455
178607 153219 153467 153525 154374 154602 155175 155293 158296 160786
219573 153083 154447 154452 154453 154750 154760 154772 154773 154811 160754 319970
168375 729 154449 154452 154798 156841 326344
197049 1424 154447 154452 154453 154750 154760 154772 156841
223674 729 153084 154479 154733 154798 154810
219580 153079 154835 158166 158167 158188 307754
162237 154447 154449 154452 154453 154760 156841 160754 162238
162238 183418 197690 214232 218707 219611 220933 230263 230356 263706
219582 153079 153084 154449 154799
190913 154447 154452 154453 154773 154812 154867 154869 154871 159263
178627 1424 154447 154452 154453 154750 154760 154769
272841 154449 154452 154453 154760 154772 154773 154812 156841 319970
219594 153084 154451 154771 154774 154775 154798
223697 1424 154447 154452 154453 154760 154811
166354 153083 154750 154815 154835 154869 154871
248275 1424 153084 154447 154452 154453 154750 154760 154774 154775 154799 155547 160754 160988 308520
217556 10895 154452 154479 154771 154774 154775 154871 156817 158474
158166 158187 168635 170559 180698 188395 195542 197649 206388 206484 218927 220620 220896 222567 223205 223743 224200 230228 236063 250554 258763 277802 281144
158167 165224 168410 183407 183968 189798 191648 198308 199692 207967 218512 220497 223841 263706 283581
219608 154449 154452 154453 154750 154760 154769 154773 154775 154812 307754
220311 154452 154453 154815 154867 154869 154871 156496 164480
168410 1424 153084 154447 154450 154452 154453 154750 154774 154775 154799
166363 1424 154447 154448 154452 154453 154760 154771 154774 154775
180698 153084 153294 154771 154799 154810 154815 156493
219611 153084 154447 154450 154451 154452 154453 154750 154760 154799 154815 154867 154869 154871 155547 156458 156817 156841 158474 160262 163785
168416 168423 191914 195538 206388 219815 222567 224870 245619 251821 259642 263627
319970 183689 193505 208162 218181 218238 218266 220210 220914 222496 224640 230315 249830 257748
168423 1424 154447 154452 154453 154760 154773 154775 154776 154811 154815 154867 154869 154871 156493 156841 158474
180713 154452 154453 154760 154815 154867 154871 156841 160754
158187 153084 154750 154774 154775 154815 154835 158188
158188 165224 165794 166905 170559 171653 175720 185429 189798 195368 206671 207967 214171 218906 219132 223841 223853 230250 264044
221678 154449 154452 154453 154750 154760 154812 156841 329373
283118 154447 154449 154452 154453 154750 154760 154769 154773 154812 154815 154867 154869 154871
223729 1424 153083 153084 154447 154452 154799 154815 154836 156841 157680
195058 1424 153084 154447 154452 154479 154733 154771 154815 154871
199154 729 1424 153084 154447 154452 154453 154750 154798 154799 154811
258547 729 153084 154449 154771 154775 154798 154799 154810 160473
223733 154447 154452 154479 154733 154775 154811 154871
279032 729 153084 154479 154733 154798 154810
223743 153080 154447 154835
266751 1424 154447 154449 154451 154452 154775 154871 158474
160261 154447 154449 154451 154452 154453 154772 154799 154811 154812 154867 154869 154871 156493 156841 160262
2566 160986 183217 196144 218020 218422 221702 223787 224271 225139 230644 250645 272992
160262 160986 163784 166847 168620 168969 170867 170885 170942 171401 181023 181291 183418 185479 193218 193748 193794 198307 200112 205767 205980 205986 206671 206764 206789 208168 212149 214120 217728 218555 219051 220175 221089 222804 223855 224276 226675 230245 230290 230315 230324 231021 259261 273129
168453 154449 154452 154453 154750 154760 154773 156841 307754
221701 154750 154760 154772 154774 154868 157680 162896
221702 154450 154760 154771 154772 154868 160473 162896 170886
213515 729 154447 154449 154451 154452 154453 154812
223753 153084 154798 154799 154810 154815 158299
227848 154760 154835 154868 162896 343612
264711 1424 153083 153084 154447 154449 154451 154452 154453 154760 154771 154799 154812 154815 154867 154869 154871 156493 164480
193039 729 153084 154449 154771 154798 154799 154810
215569 729 153083 154798 154810 154811
168467 154447 154452 154760 154771 154773 154775 154815 154836 154871 160754
184851 153084 154447 154452 154815 154871
152090 729 154452 160754 154798 154815 154810 154771 153553 154871
221724 153084 154447 154449 154452 154453 154750 154760 154773 154812
236063 153083 153084 154447 154452 154453 154775 154776 154798 154811 318337
219680 729 153084 154449 154798 154799 154810
219681 1424 154447 154452 154453 154750 154760 156496
283167 154447 154451 154452 154453 154760 154812 154815 154867 154869 154871
186915 1424 154447 154452 154453 154750 154760 154775 154811 160988 329373 307754
207395 154452 154453 154773 154774 154775 160754
221731 153083 154447 154448 154452 154453 154760 154771 154775 154776 326344
166440 154452 154453 154479 154733 154771 154799
193066 153077 153083 153084 154453 154798 154799 154810
197163 153083 153084 154449 154452 154871 308520
223787 729 153084 154733
223788 154447 154449 154452 154453 154760 154812 154867 308674
164398 153084 154452 154453 154798 154799 154810 154836
283181 153083 153084 154447 154452 154771 154775 154798 154815 154871 160754
307754 154446 156840 158473 160985 165224 165794 166947 167101 168540 168573 168620 168969 171401 175525 175720 175849 181363 183191 183418 183640 183689 183720 183931 183991 184153 185264 185429 185444 185454 189798 191115 191648 191970 192350 193774 193794 193864 194177 195938 197493 199691 199692 201426 203526 204039 205986 206536 206671 207967 207969 208168 212405 214120 214171 214938 215964 216572 217007 217876 218008 218009 218101 218197 218311 218354 218356 218379 218424 218707 218847 218895 219051 219057 219803 220101 220210 220227 220231 220339 220497 222028 222229 222334 222344 222454 222567 222732 222812 222879 224177 224288 224734 224826 224843 225140 230179 230228 230231 230245 230250 230307 230313 230316 230324 230340 230989 236885 242797 257748 259261 263279 264044 265286
227893 729 153083 153084 154798 154799 154810
260661 729 154771 154799 154810 154815
279093 729 153084 154479 154733 154798 154810
281144 153084 154452 154771 154774 154775 154798 154811
225851 1424 154449 154452 154453 154773 154867 156841 343612
170559 153084 154450 155547
205378 154452 154760 154769 154799 156458 159263 160473 170886
199235 153083 153084 154760 154771 154815 154868 154869 162896
219714 1424 154447 154448 154452 154453 154760 154771 154815 154867 154869 154871
219715 1424 154447 154452 154453 154750 154760 154811 154815 154835 154867 154869 154871
219717 1424 154447 154452 154453 154750 154760
258628 729 1424 153084 154449 154452 154771 154798 154799 156841
166472 1424 154447 154451 154452 154453 154750 154774 154775 155547 160988
219720 1424 154447 154452 154453 154750 154760 154774 154775 154811 160988
248395 729 153084 154733 154798 154799 154810 154815
223820 154447 154750 154760 154772 154815 154835 154868 154871 160473 160658 162896 170886
223821 153195 153219 153292 153294 153464 153467 153525 154357 154374 155175 156729 160461 160463 160465 160469 160470
248396 153083 153084 154447 154449 154452 154453 154771 154798 154799 156841
221782 1424 153083 153084 154452 154773 154775 154811 154815 154871
158296 160459 163182 170707 173264 181647 197229 208836 234786 242635 247165
158298 153083 153084 153553 157680 158299
158299 214854 231021 245581 281737
168540 154452 154453 154750 154760 154812 154815 156841
219738 153084 154452 154453 154750 154760 154799 154812
166495 729 153084 154453 154798 154799 154810 326344
272992 729 153084 154447 154479 154733 154771 154798 154799 154815
223841 154835
182884 154449 154452 154453 154750 154760 154773 154799 155547 156841 343612
156261 185264 185454 208168 224843 230290 230307 244951 247619 230250
193127 729 153084 153322 154449 154479 154733 154771 154799 154815
197229 153219 153292 153467 153525 154357 154602 155175 155293 160460 160468
168558 154447 154449 154452 154453 154750 154760 154773 156841
164463 729 153084 154733 154798 154799 154810
193134 10895 153083 154450 154479 154733 154771 154815
223853 1424 154750 160988 161258
223855 154448 154449 154452 154453 154769 154771 154798 154810 154815 154871 156458 156494 156841 308520
195190 1424 153084 154447 154452 154750 154775 154776 154799 155547 160988
223866 153084 154447 154452 154798 154799 154810 154811 308520
166523 729 154448 154798 154810 154815
166524 729 153084 154447 154449 154451 154452
168573 153084 154447 154452 154750 154760 154775 154799 154815 154867 154869 154871 156841
225918 729 153084 154449 154452 154774 154775 154776 154811
164479 729 153084 154447 154452 154760 154815 154871 156493 164480
164480 177812 181363 183640 195370 199691 208168 212356 214232 218100 218221 218518 220210 220419 224288 224900 226154 230179 230313 230349 231039 247238 263276
170624 153219 153292 154374 155175 155293 156729 160461 160465 160469 160786
217728 153294 154449 154452 154453 154760 154772 154799 154812 154867 154869 154871 156841 159263
219781 154447 154449 154452 154453 154812 156494 156495 156817
219782 1424 153084 154447 154449 154452 154453 154760 154771
191115 153084 154447 154448 154452 154453 154750 154760 154799 154815 154836 154867 154869 154871 160988
217739 1424 154447 154448 154452 154760 154771 154772 154815 154871
10895 158613 176926 182087 191627 205981 205982 219034 224200 230965
162449 729 153084 153482 154798 154810 160473 160987
224419 154448 154452 154453 154760 154771 154775 154815 154871 308674
281239 154447 154450 154452 154453 154750 154760 154770 154772 154799 154812 156817 158474
219803 1424 154447 154452 154453 154760 154769 154773
219815 729 154479 154733 154771 154775 154776 154815
219817 1424 154447 154453 154750 154760 154835 160754
156331 153294 154447 154449 154452 154453 154750 154760 154799 154812 154815 154867 154869 154871
166571 153079 153084 153553 154798 154799 154815
168620 153482 154447 154449 154451 154452 154453 154750 154760 154772 154799 154812 154815 154867 154869 154871 156458 156841 159216
217772 154447 154452 154453 154760 154771 154772 154773 154774 154775 156841
277163 729 153083 153084 154479 154733 154798 154799 154810 155113 159684
156342 160459 169718 173987 237403 247186 256929
205496 153084 154447 154798 154799 154810 326344
250554 1424 154447 154452 154453 154750 154774 154775 154776 156817 158474
168635 153084 154479 154733 154771 156493
223936 154447 154448 154452 154453 154760 154771 154775
193218 154448 154449 154451 154452 154453 154760 154772 154812 154815 154867 154869 154871 156493 156494 156495 163785
217798 1424 154447 154451 154452 154453 154750 154774 154775 154811 155547 160754
326344 188119 189189 189542 191852 193934 198308 208080 216492 218868 219973 224468 224914 225112 261922
203466 154447 154452 154760 154815 154867 154871
160459 153176 153195 153219 153292 153294 153464 153467 153525 154357 154374 155175 155293 156729 160460 160461 160463 160465 160468 160469 160470
160460 161221 218153 233069 234713 237403 249846 256929 273551
160461 163182 163476 173264 173987 234713 234786 249846 273551 281679
203469 153084 154452 154771 154775 154799 154815 154871 156841
160463 163476 168889 173987 218153 256929
258763 729 153084 154451 154452 154479 154733 154771 154775 154798 154799 154810
160465 163182 163476 168889 173987 234713 237403 249846 256929 273551
201426 154447 154448 154452 154453 154760 154770 154772 154811 320500
170707 153219 153292 153467 153525 154374 154602 155175 155293 160786
180948 729 153084 153322 154771 154798 154810 154815 155065 160473 160987
160468 163182 169718 173987 234713 234786 247165 273551
160469 163182 163476 173264 173987 208836 218153 233069 234786 237403 247165 273551 281679
160470 163182 163476 218153 233069 234713 237403 281679
262872 153083 153084 154452 154771 154798 154799 154810 155113 156841 160754 308520
729 154808 154813 157334 160986 161243 162982 163784 168913 168966 169304 170849 170942 171401 175046 177767 178147 178984 181312 183217 183407 183669 183752 183799 184004 185153 185209 189542 189604 191624 191654 191715 191852 191914 191980 192410 193748 193859 193934 195717 195982 196231 196570 197370 201843 203686 203717 203730 206167 206707 206764 208029 210001 210159 211889 212109 212292 214232 214854 214952 214999 215007 216593 216749 218004 218340 218422 218576 218594 218868 218878 218927 218990 218992 219019 220175 220535 220600 220620 220631 220989 221097 221158 221915 222368 222772 222804 222864 222975 223188 224112 224271 224331 224468 224616 224617 224634 224644 224870 224894 224910 224914 225112 225139 226024 226255 226695 226897 228089 230290 230353 230929 230965 230981 231012 231021 231039 231058 233011 233058 236450 241028 241566 242666 242984 245539 245581 247046 248613 251821 254787 255814 257083 257291 257817 261922 263627 265881 266221 267790 267812 273129 273628 280377 281347 281737 281849 283773 283844 284237
160473 170885 181023 185209 185454 195732 197493 200112 205986 206764 218555 226551 230179 230245 230254 230290 230296 230311 230316 236885 244951 265881 273129
221915 154447 154479 154771 154811 156493
240350 154447 154448 154452 154453 154760 154815 154871
226024 153083 153084 154479 154733 154798 154799 154810
248552 154447 154450 154453 154815 154835 154836 155547 160677 160988 161258 163785
273129 1424 153322 153482 154447 154448 154450 154452 154453 154760 154769 154772 154798 154799 154810 154815 154836 154869 154870 154871 155065 155113 155547 156458 156493 156494 159263 160658 160987 163785 170886
213742 1424 153084 154447 154452 154453 154750 154773 154774 154775 154776 154799 155547
154357 163476 247186 256929 281679
217847 154447 154448 154452 154453 154771 154774 154775 154776 160754
223993 1424 153084 154447 154448 154452 154771 154773 154774 154775 154798 154810 154815 154871
197370 153083 153084 153553 154798 154799 154810
228089 153079 153084 154447 154449 154479 154733 154771 154775 154776 154815
203519 1424 153083 153084 154798 154799 154815
217859 154447 154452 154453 154773 154812 156495 156841
281347 154479 154733 154798 154815
189189 1424 153084 154447 154452 154798 154799 154810 160987
154374 161221 163182 163476 168889 173987 181647 208836 218153 234713 247165 247186 249846 273551 277865
203526 154447 154448 154451 154452 154453 154760 154811 154812
158473 1424 154447 154451 154452 154453 154750 154760 154769 154772 154773 154799 156817 156841 158474 308674
158474 183418 185479 193653 193804 193864 197690 214232 214599 214692 217873 218266 218707 218847 220290 220933 222567 222879 224734 230313 230316 230356 242797 257748 263706
197385 153083 153084 153553 154771 154815
217873 1424 153083 153084 154447 154452 154769 154771 154774 154775 154798 154799 156817 156841
217876 1424 154447 154452 154453 154750 154760 154772 154775 154811
250645 153084 154452 154799 154815 154871
176926 1424 154447 154448 154452 154453 154760 154771
181023 154447 154449 154452 154453 154760 154769 154772 154773 154799 154812 154815 154867 154869 154871 156458 170886
230179 1424 153482 154447 154452 154453 154750 154760 154775 154776 155547 160754 160988 329373
213796 1424 153083 153084 154447 154449 154452 154453 154760 154771 154773 154774 154775 154811 156841
219940 153079 153084 154447 154773 154798 160754
217935 154447 154452 154453 154750 154760 154773 154811 154815 160988
224039 153083 153084 154447 154449 154452 154799
178984 153084 154447 154449 154451 154452 154453 154750 154798 154799 154810 154812 308674
195368 154447 154453 154750 154799 154815 154835 154836 154871 155547
156458 163784 185454 185467 185479 193788 194177 195982 205986 218008 222571 223091 224177 230245 230254 233058 263481
195370 1424 154447 154452 154453 154750 154760 154772
217899 1424 154447 154450 154452 154453 154750 154760 155547 160988 161258
248613 153084 154447 154733 154771 154798 154799 154815
181039 153084 154452 154798 154810 156495 318337
203572 154447 154448 154452 154773 156494 157680
178999 153079 154479 154771 154775
185143 154447 154448 154452 154453 154750 154812 154815 154867 154869 154871
219960 1424 154447 154449 154452 154453 154760 154771
203578 153083 154447 154452 154771 154798 154799 154810 154815
219965 153084 154447 154449 154452 154773 154798 154799 156495 156841
195390 153079 153084 153294
205632 153084 154452 154479 154733 154771 154774 154775 154798 154811 160754
185153 153083 153084 154452 154771 154775 154799 154815 154871
254787 153084 154452 154771 154799 154871
219973 154447 154452 154771 154775 154798 154799 154810 154811 154815 154867 154869 154871
281849 153084 154447 154798 154799 154810
230219 154449 154452 154453 154760 154773 154799 154812
156492 1424 154447 154448 154452 154453 154760 154815 154867 154869 154871 156493 156494 156495 156496
156493 165426 181291 183418 183669 183752 183991 185209 193788 194320 195982 201843 203624 206388 210159 216749 218927 219057 222567 222804 223188 224200 224634 224644 224900 225108 226363 230349 232869 233058 241028 257748 261585 283725
154446 153084 154447 154448 154449 154450 154451 154452 154453
154447 154768 154808 154857 154866 156840 160676 160985 162940 163676 163784 164811 165226 165426 166947 167101 169146 169414 169877 170849 170867 170942 171401 171496 171653 175195 175334 175525 175884 177538 177812 178084 179797 179950 180054 181363 183191 183418 183640 183689 183698 183720 183751 183752 183898 183931 183991 184131 184153 185214 185314 185444 185467 188395 189533 189916 189927 190018 191627 191829 191852 191970 192350 192381 193505 193526 193653 193744 193773 193774 193786 193859 193864 194177 194320 194502 195538 195938 195941 196203 196271 197690 198308 199691 199692 199722 201843 203624 203686 203730 203757 204039 204192 205980 206523 206536 206707 206764 207967 207969 208028 208168 209802 210092 210159 210429 212100 212149 212352 212356 212405 212465 214232 214599 214692 214893 214938 214999 215964 216569 217007 217943 218000 218008 218009 218020 218100 218101 218119 218191 218309 218311 218354 218356 218359 218377 218379 218424 218452 218576 218586 218594 218667 218702 218707 218715 218729 218802 218810 218822 218834 218847 218861 218868 218895 218906 218919 219008 219051 219057 219100 219989 220101 220166 220174 220210 220246 220290 220331 220339 220419 220497 220538 220571 220588 220600 220627 220877 220896 220914 221074 221079 221163 222061 222229 222236 222334 222344 222454 222523 222567 222571 222612 222729 222732 222733 222799 222812 222864 222909 222974 222975 223091 223213 224112 224120 224177 224200 224263 224288 224494 224548 224640 224644 224734 224747 224759 224843 224891 224910 224914 225005 225101 225108 225140 226139 226154 226516 226593 226604 226675 230228 230231 230245 230250 230306 230307 230312 230313 230316 230340 230356 230989 231039 233011 233320 236885 242797 243305 245539 245581 245619 247238 249830 255814 257291 257748 258946 259163 259493 263276 263279 263481 263602 264044 265286 267790 269338 271400 273993 277950 279889 281737 281878 282244 282455 283581 283683 283725 283774 283844
154448 157334 162982 163784 166847 168966 170849 171401 175884 181291 183407 183669 184131 185467 185479 191715 192418 193653 193786 193788 194177 195941 203624 203730 205986 208028 208162 214232 214737 214938 215891 217007 218004 218157 218356 218518 218729 218802 218810 219100 219989 220101 220174 220627 220682 220896 222334 222496 222523 222612 222729 222732 222733 222909 223213 224271 224494 224532 224548 225005 226139 226363 230356 231058 236885 242972 259487 263481 263706 282271 283725
154449 154857 155546 157334 165226 165426 166847 168966 169146 169877 170867 175849 177538 178084 178147 179950 181291 183217 183407 183720 183898 183991 184153 185209 185314 185467 189533 191734 192410 193653 193748 193774 193804 193934 194177 195941 196570 197493 199692 203624 203717 204245 205986 206167 206523 206707 209802 210159 212100 212292 212465 214692 214737 214938 214952 216582 217943 218181 218197 218238 218309 218311 218344 218504 218586 218594 218704 218707 218715 218834 218861 218956 219008 219051 220175 220227 220331 220535 220600 220877 220914 221097 221163 222028 222236 222344 222368 222454 222567 222732 222812 222879 222974 223070 223091 224112 224227 224548 224668 224843 224870 224910 225108 225134 225140 226139 226154 226363 226695 230245 230250 230290 230306 230311 230312 230316 230340 230989 231039 233058 236885 243305 245619 247046 247238 249830 255814 259261 263602 265286 267790 273993 282244 283725 283773 283774
154450 154866 160986 163784 168913 168969 170867 170942 171401 171496 181363 183217 183418 183931 188395 191648 191715 193505 193774 199692 205986 206167 206388 208080 208168 212149 212356 212726 214120 214599 214938 216492 216572 216582 216600 218096 218354 218422 218990 219051 220497 222974 224120 224331 224547 226516 226551 228337 230228 230245 230290 230307 230311 230313 230315 230324 233320 245581 263254 263627 265286 267780 277950 282520 284237
154451 157334 170867 170942 181363 183698 183752 183898 183931 185467 185479 193788 193804 195941 198307 203624 205767 206523 206789 210159 212465 214232 214938 216582 217943 218181 218594 218704 218707 220210 220419 224227 224288 224668 224900 226139 230290 230296 230306 230312 230315 230316 230349 233058 255814 259261 279889 283725 283774
154452 154768 154808 154857 155546 156840 157334 158613 160676 160985 162940 162982 163676 163784 164811 165226 165426 166847 166947 167101 167820 168913 169146 169877 170849 170867 170942 171401 175195 175334 175525 175849 175884 177538 177812 177815 178084 179950 180054 181291 181363 181769 182087 183191 183217 183407 183418 183640 183689 183698 183720 183752 183898 183931 183991 184131 184153 185209 185214 185444 185467 185479 188119 188160 188395 189533 189916 189927 190018 191627 191734 191829 191914 191970 192381 192410 192418 193505 193526 193744 193773 193774 193786 193788 193794 193804 193859 193864 194177 194320 194502 195538 195941 195982 197493 197690 198307 198308 199691 199692 199722 201843 203624 203730 203757 204039 204192 204245 205767 205981 205986 206167 206523 206707 206789 207969 208028 208080 208162 208168 209802 210092 210159 210429 212100 212109 212292 212352 212356 212405 212465 212614 214209 214232 214599 214692 214737 214893 214938 214952 215891 215964 216259 216569 216572 216582 217007 217943 218000 218004 218008 218020 218096 218100 218101 218119 218157 218181 218191 218197 218221 218238 218266 218279 218309 218311 218344 218354 218356 218359 218377 218379 218424 218452 218504 218518 218576 218586 218594 218667 218702 218704 218707 218715 218729 218802 218810 218822 218834 218847 218861 218868 218895 218919 218956 218990 219008 219018 219019 219034 219051 219057 219100 219989 219995 220101 220166 220174 220175 220210 220227 220231 220246 220290 220331 220339 220419 220538 220571 220588 220600 220602 220620 220627 220682 220753 220761 220877 220896 220914 220933 220989 221074 221079 221163 222028 222061 222229 222236 222334 222344 222454 222496 222523 222567 222571 222612 222729 222732 222733 222799 222804 222812 222879 222909 222974 223070 223091 223205 223213 224177 224200 224227 224263 224271 224288 224494 224532 224548 224640 224644 224668 224734 224747 224759 224812 224826 224843 224891 224900 224910 225005 225101 225108 225134 225140 226139 226154 226363 226604 228690 230224 230228 230231 230245 230250 230254 230263 230290 230296 230306 230307 230311 230312 230313 230315 230316 230324 230340 230349 230356 230989 231021 231039 231058 232869 233011 233058 236885 240893 241028 241099 242797 242972 243305 244951 245619 247238 249830 255814 257748 258946 259163 259261 259487 259493 259642 261585 263254 263276 263279 263481 263602 263706 264044 265286 265881 267780 267790 267812 271400 273993 277950 279889 282244 282455 282520 283581 283683 283696 283725 283773 283774 283844 283992
154453 154768 154808 154857 155546 156840 157334 160985 163784 164811 165226 166847 166947 167101 167820 169146 169877 170867 171401 175334 175525 175849 175884 177812 178084 179797 181291 181363 181769 183191 183407 183418 183640 183689 183720 183752 183898 183931 183991 184131 184153 185209 185214 185314 185429 185444 185454 185467 185479 188395 189927 191734 191829 191970 192350 192418 193505 193526 193653 193744 193773 193774 193786 193788 193794 193804 193864 194177 194320 195941 195982 196271 197493 199691 199692 199722 203624 204039 204192 205767 205986 206523 206536 206789 207969 208028 208162 208168 209802 210092 210159 212352 212356 212405 212465 212614 214209 214599 214692 214938 215891 215964 216569 216572 216582 216593 217007 217943 217960 218000 218008 218009 218100 218101 218119 218157 218181 218197 218238 218266 218309 218344 218354 218356 218359 218377 218379 218424 218452 218504 218555 218576 218586 218594 218702 218704 218707 218729 218802 218810 218834 218847 218895 218906 218956 219008 219018 219034 219051 219057 219100 219989 220101 220166 220174 220210 220227 220231 220246 220290 220331 220339 220419 220497 220538 220588 220600 220627 220877 220896 220914 220933 221074 221079 221163 222028 222061 222229 222236 222334 222344 222454 222496 222523 222567 222571 222612 222729 222732 222733 222799 222804 222812 222879 222909 222974 223070 223091 223184 223213 224177 224288 224494 224532 224640 224668 224734 224747 224826 224843 224900 224910 225140 226139 226154 226363 230224 230228 230245 230254 230263 230296 230306 230307 230311 230312 230313 230315 230316 230324 230340 230349 230356 230989 231039 232869 233058 233320 236885 242797 242984 243305 244951 245619 247619 249830 255814 257748 258946 259261 263276 263279 263481 263602 263706 264044 265286 267790 273993 277950 281878 282244 282271 282455 282520 283581 283683 283696 283725 283774 230250
156494 183191 185479 193786 218157 218729 224494 225005 230315 263481 282271 282455
156495 162940 193786 193788 214232 218157 218729 220101 224494 230315 230356 231021 263481 283725
156496 177812 193786 206707 224288 263276
215891 1424 154750 154760 154776 154815 154835
217943 154750 154760 154812 156841
219989 154750 154760 154769 154773
219995 153084 154479 154733 154771 154774 154775 157680
226139 154867
230231 1424 154750 154760 154799 154810 155547 160988
170849 1424 154750 154771 154775 154798 154799 154815 154835 154867 154869 154871
230245 1424 153322 153482 154750 154760 154769 154772 154773 156841 170886
203624 153084 154750 154760 154772 154773 154811 154812 154815 154867 154869 154871 156841
217960 154750 154760 154774 154775 155547 160988
226154 154760 154811 154812 156841
230250 1424 154750 154760 154774 154775 154776 154810 155113 155547 156841 160658 160754 160988 161258
222061 1424 153083 154750 154760 154772 154775 154799
230254 154750 154760 154769 154772 154799 154812 155547 156841 170886
154479 161089 168913 168966 169304 175578 177815 183217 183669 183968 184004 189604 190018 191624 191627 191654 191715 191914 195770 195995 196231 196570 197649 197821 198280 201843 205981 205982 212109 214952 214999 216259 216749 218340 218346 218822 218861 218878 218919 218927 218992 219086 220620 220631 220761 220989 223188 224644 224910 225112 225134 226255 226601 226604 226695 226897 230929 230981 231012 233011 236450 241028 241566 242984 247046 251821 255771 257083 257291 257817 259487 259642 263983 265982 266221 267780 269338 277802 283773 182087
224112 153084 154771 154815 154871
170867 154750 154760 154772 154773 154799 154812 155113 155547 156841
197493 154750 154760 154769 154772 154773 154799 154812 156841 159216 170886
230263 154760 154867 154869 156841 160987
224120 153079 153322 154750 154760 154772 154868 160988 308674 343612
185209 154771 154798 154799 154811 154815 154871 155065
185214 1424 154750 154760 154772
318337 206167 214854 219019 220535 222772 224981 230340 231021 245581
258946 1424 154760 154815 154867 154869 154871 156841
170885 153322 153482 154760 154799 154815 155065 160658 160987 170886
170886 205986 226551 230290 230311 230316
209802 1424 154750 154760 154771 156841
218000 1424 154760 154771 154772 154773 154815 154835 154867 154871 156841 160754
160658 195732 200112 206388 218555 228338 230290
230290 153322 153482 154760 154772 154798 154810 155547 160987 160988
218004 153084 154771 154775 154815 154871
158613 153084 154799 154811 154871
183191 1424 153084 154750 154760 154772 154773 156841
218008 1424 154750 154760 154769 154772 154773 154799 154815 154836 154867 154869 154871 156841 159263
218009 154750 154799 155547 160988 161258 329373
222028 154760 154773 154812 154867
230296 154750 154760 154769 154773 154799 155547
215964 154760 154812 154867 154869 156841
256929 153176 153195 153219 155175 156729
230306 153084 154750 154799 154812 156841
230307 1424 154750 154760 154769 154770 154799 155547 160988 329373
160676 153084 154799 154815 154836 160677
160677 169414 193773 203730 212149 220331 231034 263254 265881
203686 153084 154798 154810 160987
218020 153084 154771 154799 154811
230311 154760 154799 154812 156841
230312 154798 154815 154867 154869 154871
230313 1424 154750 154760 154799 154810 155547
230315 154760 154772 154799 154812 154815 154867 154869 154871 156841
230316 154760 154772 154799 154811 154812 156817
185264 153083 154799 154871 155547 159263
183217 1424 153084 154733 154750 154798 154799 154810
211889 153084 154771 154815 157680
224177 1424 154760 154769 154772 154773 156841 329373
230324 153482 154750 154760 154772 154799 154812 154815 154836 154867 154869 154871 155547 163785
168889 153219 153292 153467 153525 154602 155175
283581 1424 154750 154760 154774 154775 154776 154799 160988
170942 1424 153482 154760 154867 154868 154869 154870 154871 160987
166847 154798 154812 154867 156841
230340 154760 154811 154812 154867
203717 153083 153084 154798 154799 154815 154871
175046 153083 153084 154733 154771 154798
205767 154812 154867
220101 1424 154750 154760 154773
224200 153079 153084 154771 154774 154775 154811 154815 154871
164811 1424 154750 154760 154771 154774 154811 320500
242635 153195 153219 153294 153464 153467 153525 155175 156729
230349 154760 154799 154811 154812 154867 154869 154871
226255 153084 154733 154771 154799 154815
168913 154733 154810
195538 153079 153084 154775 154776 154799 154871
203730 1424 154815 154835 154871
230353 153084 153482 154798 154799 154810 154811
230356 154760 154812 156817 156841
195542 153080 153084 154760 154771 154772 154776 154815 160988
193505 154750 154760 154773 154811 154812 160988
185314 154760 154773 154812 154867 154869 156841 159216
224227 153084 154760 154799
154602 163182 163476 169718 181647 218153 234786 247165
242666 153084 154815
203757 1424 153084 154799 154815 154871 156841 160988 308520
218096 1424 153083 153084 154733
228337 154750 154760 154815 154835 154868 154871 160988
160754 163784 165224 165426 166947 175195 180054 181363 183720 184131 189798 189916 190018 191970 192381 199691 207967 212292 214938 216259 218100 218157 218279 218356 218377 218702 219051 220419 220933 222496 225101 225140 240893 241099 245619 259493 279889 282520 283774
228338 154760 154771 154772 154868 154870 162896
218100 154760 154815 154867 154869 154871
218101 1424 154750 154760 154769 154773 154774 154775 154815 154867 154869 154871 308674
193526 154750 154799 154812 156841
320500 160985 175720 177812 181363 223213 263276
166905 153294 154750 154815 154835
168966 153084 154733 154798 154799 154810
218119 1424 154760 154769 154773 156841
220166 1424 154750 154760 154773 154774 154775 154776
168969 153084 153482 154750 154760 154772 154799 154810 154868 160987 308674
224263 154769 154773 154799 154869 154871
199691 1424 154750 154760 154811 155547
199692 1424 154750 154760 154770 154772 154774 154775 154776 154799 155547 159263 160987 160988
220174 154750 154760 154769 154773 154799 154812 155547 156841
220175 154771 154798 154799 154810 154815 154871 155113 156841 160987
224271 153084 154733 154771
197649 153079 153080 153084 154733
160786 163182 163476 169718 173264 181647 218153 233069 237403 247165 281679
224276 154750 154760 154772 154799 154815 154835 154868 162896
222229 1424 153322 154750 154760 154769 154771 154772 154773 154774 154775 154776 154815 154836 154867 154869 154871 155547 156841 156842 159263 163785
269338 153084 154733 154799 154810 157680
222236 154760 154812 154867 154869 154871 159263
224288 153084 154750 154799 154812
166947 1424 154750 154760 154769 154773 154775 154799 155547 329373
283683 1424 154760 154867 154869 156817
271400 154771 154774 154775 154871
218153 153176 153219 153292 153467 153525 155175 156729
199722 154760 154773 154799 154812 154815 154867 154869 154871 156841
181291 154760 154772 154798 154811 154812 154867 154869 154871
218157 154812
283696 153084 154798 154799 154810 154811 154871
220210 154812 154867
156729 161221 163182 169718 173987 181647 208836 233069 237403 247186 281679
197690 153083 153084 154771 154774 154775 154798 154810 154815 154871
226363 154760 154773 154811 154812 154815 154867 154869 154871 156841
257083 153084 154733 154815
181312 153084 154733 154798
220227 154760 154772 154773 154811 154812 154867
218181 154750 154812
265286 154760 154773 154799
220231 154750 154773 154799 154812 154815 154867 154869 154871 156841
224331 153083 153084 154733 154771 154775 154815
283725 154760 154811 154812 154867 154869 154871
218191 1424 153083 154750 154774 154775 154776 154811
162896 206484 206671 214119 216492 216600 221089 226547 226551 226593 226675 231034
210001 153083 153084 154798 154799 154815 154871
281679 153219 153292 153464 155175 155293
185429 154750 154815 154835 154871
218197 154760 154773 154812
220246 1424 153084 154750 154760 154769 154772 154773 154811
263254 154760 154772 154798 154815 154871 160987
175195 154760 154771 154772 154799 154815 154867 154869 154871 156841
259163 1424 153084 154750 154771 154775 154798 154810
189533 1424 154771 154774 154775 308520
207967 153080 154774 154835
207969 1424 153077 154750 154760 154772 154773 154836 155547
185444 1424 154750 154760 154775
189542 153084 154810 154815
214119 154750 154760 154815 154835 154868 154871 160988
214120 153079 154750 154760 154815 154868 154871
226547 154750 154760 154774 154775 154868
263276 153077 154812
154733 161089 162982 169304 175578 177767 183669 183968 184004 189604 190018 191624 191627 191654 191715 191914 191980 195770 195995 196231 196570 197821 198280 201843 205981 205982 208029 208116 208373 214952 214999 216259 216749 218340 218346 218518 218822 218861 218878 218919 218927 218992 220602 220620 220631 220761 220989 221158 222368 223188 224644 224894 225112 225134 226601 226604 226695 226897 230929 230981 231012 233011 236450 241028 241566 242972 245539 247046 251821 255771 257291 257817 259487 263983 265982 266221 267780 277802 283773
185454 153322 154769 154770 154799 154815 155547
183407 153083 154750 154774 154775 154799 154812 156841 160988
218221 153077 153084 154811 159684 160988
242797 1424 153322 154750 154760 154772 154810 155547 156817 160987 343612
263279 1424 154750 154760 154773 154774 154775 154815 154867 154869 154871
181363 1424 153079 153084 154750 154774 154775 154799 154811 155547 160988
201843 153084 154771 154811 154815 154871
193653 156817 156841
183418 153322 154750 154760 154799 154811 154812 154815 154867 154869 154871 156817
185467 1424 154867
162940 153083 154811 308520
283773 153084 154771 154799 154815 154871
154750 155546 156840 160985 163676 163784 165794 169414 169877 171401 171496 171653 175334 175525 175849 177538 177812 178084 179797 181769 183751 183931 183991 188119 188395 189927 191648 191970 192350 193744 193794 193864 194177 195938 196203 204039 204192 205980 206388 206536 206671 208168 210092 212149 212356 212405 212465 212726 214599 214692 214713 214893 214938 216572 216582 216593 217007 218266 218279 218311 218354 218359 218379 218424 218667 218702 218834 218906 219051 219100 219132 220339 220497 220538 220588 220600 220896 221079 221163 222334 222344 222454 222567 222571 222732 222974 223070 223184 223213 224547 224640 224668 224734 224747 224826 224843 225140 226516 226551 226593 226675 230224 230228 230989 231034 232869 233320 236885 245619 249830 259261 263602 264044 267790 277950 279889 281878 282455 282520 283774
218238 154760 154769 154812 154867
222334 154760 154812 155547
283774 154760 154772 154799 154810 154812
220290 154769 154811 154812 156817
212100 1424 153084 154798 154811 308520
195717 153084 154798 154799 154810 154815
185479 154760 154772 154812 154867 154869 156817 156841
154760 154768 154866 155546 156840 160985 163676 165226 167101 169414 169877 171401 175334 175525 183640 183689 183991 184131 184153 189927 191734 191829 191970 192350 192418 193773 193774 193786 193794 193804 193864 194177 194320 195732 195982 200112 204039 205980 205986 206388 206484 206536 206671 206789 208028 208080 208162 208168 212352 212356 212405 212726 214209 214599 214692 214713 214893 216492 216569 216572 216582 216600 217007 218266 218309 218311 218344 218354 218356 218359 218377 218379 218424 218452 218504 218586 218702 218802 218810 218834 218847 218895 218956 219008 219051 220331 220339 220419 220538 220588 220600 220627 220753 220877 220896 220914 220933 221074 221079 221089 221163 222344 222454 222496 222567 222571 222612 222729 222732 222733 222799 222879 222909 223091 224494 224547 224640 224668 224734 224747 224826 224843 225108 226516 226551 226593 226675 230224 231034 231039 233320 236885 243305 247619 249830 257748 259261 263481 263602 263706 264044 273993 282271 282455
191624 153083 153084 154798 154799 154810
222344 154812
191627 1424 153084 154815 154871 156841
281737 153084 154798 154799 154810
212109 154771 154774 154775 154815 154871
273551 153219 153292 153464 153525 155175
154768 1424 154769 154770 154771 154772 154773 154774 154775 154776
154769 155546 171401 175525 193804 194177 204192 212405 217007 218356 218847 220331 220602 222733 222812 222879 222974 224640 232869 263481
154770 163784 175334 194177 218309 222454 224640 224747
154771 160986 161089 165426 175334 175884 177767 177815 178147 182087 183669 183968 183971 184131 189604 189916 189927 190018 191654 191829 191852 191914 191980 192381 193774 193859 193934 194502 196231 198308 204039 205981 205982 206167 206764 208028 208080 208373 210159 212292 212352 212614 214854 214952 216259 216492 216569 216749 218340 218354 218377 218422 218452 218512 218518 218729 218802 218810 218919 218927 218992 219018 219019 219034 219086 220419 220588 220600 220620 220627 220631 220753 220761 220933 220989 221074 221089 221097 221163 222368 222496 222523 222612 222799 222909 223188 223205 224494 224532 224548 224617 224759 224812 224870 224891 224910 225108 225134 226601 226604 226695 228690 230981 231021 231039 231058 233011 236450 240893 241028 242972 245581 247046 251821 255771 257291 259493 259642 263602 265881 267780 271644 277802 283844 283992 284237
154772 160985 165224 167101 171401 171496 175525 183640 183689 183991 189927 191970 193774 193794 193804 193864 194177 195982 204039 205980 205986 206388 206484 206671 206789 208168 212149 212405 214599 216492 216569 216582 217007 218309 218379 218702 218895 219051 220339 220419 220538 221074 221079 221089 222732 222733 223091 224826 226551 226675 230224 231034 236885 249830 259261
154773 165226 171401 175525 178084 182087 183689 183720 183991 184131 189916 191829 192381 194177 204192 212352 214232 216259 217007 218309 218344 218354 218356 218452 218504 218586 218729 218834 218895 219051 220331 220339 220627 220877 222454 222567 222571 222733 224747 233011 236885 243305 244951 247238 249830 263481 264044
154774 165794 167820 171653 175884 177538 180054 182087 183931 183991 188395 190018 191914 192418 208080 212292 212356 214599 214893 217007 218279 218311 218377 218452 219034 219051 220419 220896 222496 222567 222612 222799 223205 224548 230228 233011 244951 259493 264044 267780 271644 277950 282520
154775 162982 163676 167820 171653 175525 175720 175884 177538 180054 182087 183931 183991 188160 188395 190018 191852 191914 192381 192418 193744 193864 194502 198308 206388 208028 208080 210092 210429 212292 212352 212356 212614 214599 214692 214893 214952 216569 216572 216593 217007 218279 218311 218359 218377 218452 218802 218810 218822 218927 219034 219051 219100 219132 220419 220588 220620 220627 220682 220761 220896 220933 221079 222496 222567 222612 222799 222909 222974 223184 223205 224548 224747 224812 224870 225139 225140 226695 228690 230228 230989 233011 240893 241099 244951 245581 245619 247238 251821 259493 259642 263627 264044 267780 277950 279889 282455 282520
154776 167820 171653 175884 180054 182087 183931 188160 191914 192418 193744 194502 206388 218279 218359 218377 220620 220682 220896 220933 222567 222799 223205 224548 224870 230228 233011 244951 245619 251821 259493 259642 263627 264044
156817 163784 169146 193804 193864 214232 214599 218707 218847 220914 220933 222879 224734 226604 263706
195732 153482 154799 154815 155065
214171 1424 154835 329373
205980 153084 153322 154868 155547 160987 308674
205981 1424 154815 154871
205982 154798 154799 154810 154815 157680 159684 160988
208028 153084
191648 329373
208029 153083 153084 154798 154810
205986 153322 153482 154812 154815 154867 154869 154871 159263 160987
218266 154812 156841
189604 153084 154810 154815
222368 153083 153084 154798 154799
162982 154815 154871
191654 153084 154799 154815
156840 1424 156841 156842
156841 157334 163676 167101 175849 178084 181769 183640 183720 183991 184004 184131 189916 191734 191970 193788 193794 193804 206789 212405 212465 214209 216582 218344 218356 218424 218586 218702 218704 218707 218895 218956 218990 220339 220877 222567 222732 222733 222879 222974 222975 223070 223091 224668 224734 224843 224910 225108 226604 230224 231021 236885 257748 259261 264044 273993 282520
156842 206536 208168 217007 219132 223184 236885
218279 1424 153084 154799 155547 160988
210092 1424 154815 154867 154869 154871
220331 1424 154815 154867 154869 154871
154798 154808 154857 160986 161243 163784 169304 177767 178147 183669 183698 183752 183799 188119 191852 191980 192381 192410 193748 193859 193934 195770 195995 196144 196231 196271 197821 198280 204245 206167 206523 206764 208116 208373 210159 210429 214737 214854 214952 215007 216259 216749 218340 218346 218512 218576 218868 218878 218919 218927 218992 219018 219019 220535 220571 220989 222772 222804 222864 222975 223205 224468 224616 224617 224634 224894 224981 225005 225101 225108 225139 225226 226695 226897 230644 230965 230981 231021 231058 232869 240893 241566 242972 245539 245581 247046 247238 255771 255814 257817 259487 261585 261922 263983 265881 266221 267790 267812 273628 277950 280377 282520 283844 284237
154799 154857 155546 160986 161243 163784 165226 167820 171401 177767 177815 184131 188119 188160 188395 191852 191914 192381 192410 193744 193794 193859 193934 194177 195938 195995 196049 196144 196231 196271 198280 198307 200112 204245 204619 206167 206388 206523 206764 208116 208162 208168 210159 212292 212356 212405 212465 214737 214854 214938 215007 216569 216582 216593 218346 218379 218422 218715 218834 218878 218927 218990 218992 219018 219019 219051 220339 220535 220571 220761 220896 221097 221158 222567 222772 222804 222812 222864 222975 223070 223205 224468 224494 224616 224617 224634 224747 224759 224843 224870 224894 224914 225005 225101 225108 225139 225226 230224 230228 230644 230981 230989 231021 231039 231058 232869 236450 236885 241028 241566 242972 244951 245581 247619 257291 259261 261585 261922 263627 264044 265881 266221 267790 267812 271644 273993 277865 279889 280377 282271 282455 282520 283844 283992
230224 154811 154812
220339 1424
212149 153079 154868 154870 155547 160988 308674
154808 153084 154810 154811 154812
154810 154813 155546 169304 175578 180054 183669 183971 188119 191852 192381 192410 193748 193859 193934 195995 197821 198280 198308 204245 206167 206523 208080 208116 208168 210159 210429 214854 214952 215007 216259 218512 218576 218868 219019 220535 220571 222772 222864 222975 223205 224468 224616 224617 224981 225005 225226 226604 226695 226897 230644 231021 233011 236885 242972 242984 245581 247238 257817 259487 261922 263983 264044 267812 271644 280377 283844 284237
154811 177812 183698 183752 183991 188395 193788 194320 206388 214209 216572 218518 218704 218707 218927 219057 220600 220620 221074 221079 222567 223091 224644 224891 224900 224981 225101 225108 230228 231021 232869 233058 257748 261585 282455
154812 155546 157334 167101 169146 169877 175849 177812 178084 183689 183752 183898 184153 191734 193786 193788 193794 193804 204039 204192 206789 208162 212405 212465 214209 216582 218504 218576 218704 218707 218956 219008 219057 220914 222812 222879 223070 224640 224668 231039 233058 243305 249830 257748 259261 263481 263706 267790 273993 282244 282271
154813 153084 153553 154815
167101
154815 165794 169414 171401 171496 171653 177815 178147 179950 180183 181769 183698 183751 183799 183991 189916 191715 191829 191914 191970 191980 192350 192381 192418 193773 193774 195938 196049 196144 196203 197821 198307 204039 206167 206536 206789 208080 208373 210159 212614 212726 214713 214893 214999 216492 216600 216749 218309 218354 218422 218512 218555 218576 218667 218729 218802 218810 218906 218919 218927 219018 219051 219086 219100 219132 220627 220631 220753 221079 221097 221158 222523 222567 222571 222612 222729 222799 222804 223184 223188 224532 224616 224617 224634 224734 224843 224870 224891 224910 225108 225112 225139 226601 226695 226897 228690 230644 230965 231012 231021 231034 231039 231058 232869 233320 236450 240893 241028 242972 245539 245619 247046 251821 255771 257291 257748 261585 263627 265881 265982 271644 273628 277802 277865 281878 282271 283844 284237
169146 154867 154869 159263
195770 153083 153084 157680
197821 153080 153084
214209 154867
216259 153083
218309 1424 154867 154869 154871
230228 1424 155547 160988
218311 1424
283844 153084 154871
173264 153219 153292 153464 153525 155175
193744 1424 329373
208080 153084 154868 154870 154871
154835 165224 165794 171496 171653 175720 179797 179950 183751 189798 191970 192350 195938 196203 206536 214713 214893 216600 218729 218906 219100 219132 222799 223184 226593 231034 245619 281878
154836 171401 192381 204619 206167 219018 220602 222804 224894 265881 283992
193748 153084 153553 160987 163785
224468 153083 153084 153553
226516 154868 155547 160988
214232
160985
160986 153084 155547 160987 160988
160987 169414 171496 198307 200112 206764 214599 221089 222804 226593
160988 163784 206388 208168 212356 216569 216593 216600 220497 222454 222804 223213 224843 230989 231021 245619 247619 279889 282455 282520
234713 153219 153467 153525 155175
244951 153083 153482 159263
273628 153084
191715 153084
218340 153084
175334 1424
218344 154867
154857
218346 153084
230644 153079 153083 153084 308520
193773 1424 154867 154871
193774 1424 153083 153084 154867 154871
210159 153084 154871 308674
224494 1424
154866 1424 154867 154868 154869 154870 154871 308674
154867 171401 179950 181769 183640 183752 183991 191734 191970 192418 193786 193788 194320 195941 204039 206707 206789 214893 218354 218504 218586 218594 218667 218729 218802 218810 218956 219051 219057 219100 220627 220914 222523 222567 222571 222733 222799 224734 224843 224900 231034 231039 232869 233058 245619 257748 263481 263706 282244 282271
154868 169414 171496 206388 206484 206671 212726 214599 214713 216492 216600 221089 224547 226551 226593 226675 231034
154869 169414 171401 171496 179950 183991 191734 191970 192418 193786 194320 204039 206789 214713 214893 218354 218504 218576 218667 218729 218802 218810 218956 219051 219057 219100 219132 220627 220914 222567 222571 222799 224734 224843 224900 231034 231039 232869 233058 245619 257748 263481 263706 281878 282244 282271
154870 169414 171496 212726
154871 165426 169414 171401 171496 179797 179950 180183 181769 183751 183991 184131 189916 191734 191829 191914 191970 192350 192381 192418 193786 193788 194320 195938 195941 195982 196203 198307 204039 206167 206789 210429 212614 212726 214713 214893 216600 218354 218576 218667 218729 218802 218810 218822 218861 218906 219018 219034 219051 219100 219132 220627 220753 220914 221079 222523 222567 222571 222612 222729 222799 222804 223184 224532 224734 224843 224910 225108 226675 228690 231034 231039 231058 232869 240893 241028 241099 242972 245619 257748 259642 265881 277865 281878 282244
191734
208116 153083 153084
193786
218354 1424 155547
193788
218356 1424
218359 1424
222454 153084 155547
226551
240893 153084
193794 153077
220419 1424
247046 153084
204039
218377 308520
218379 1424
193804
257291
224532 153083
281878
242972 153083 153084 153294 159684
271644
222496 153083
226593
208162
224547 1424 153084 308674
224548 1424
234786 153195 153219 153292 153467 155175
208168 1424 155547
226601 153083 153084
242984 153084
277802 153079 153083 153084
226604 153084
308520 194502 215007 224812
218422
218424 1424 329373
263481 153084 159216 159263
222523 1424
161089 153083
193859 153084
212292 153084
193864 1424
220497 153079 155547
228690
279889 1424 155547
218452 1424
191829
236885 155547
206167 153084
169304 153084 157680
183640 1424
283992 153083 153084
195938 155547 329373
195941 1424
189798
222567 1424 155547
165224
224616 153084
165226 153077 159263
222571 1424
191852 153084
224617 153553
163182 153176 153219 153292 153467 153525 155175
277865 153482 153525 155065 155547
226675 153079 153322
183669 153084
220535 153084 153553
220538 1424
224634 153084 159216
247165 153176 153195 153219 153467 153525 155175
212352 1424
224640
177538 1424 153083 329373
212356 1424 155547
224644 153084
241028 153084
226695
218504 159216
171401 1424 153482 155547 343612
183689
193934 153084
181647 153292 153467 153525 155175
1424 163676 165426 175525 179950 183931 183991 188119 188160 188395 189927 191970 194177 194320 198308 206388 214599 214692 214893 214938 216572 217007 218586 218667 218702 218715 218729 218802 218810 218847 218895 218906 219100 220588 220602 220627 220877 220896 221079 221163 222732 222799 222974 223091 223205 223213 224812 224826 224843 225140 230989 231058 233320 245619 255814 261585 263602 264044 277950
195982
183698 153084
218512 153079 153084
222612
247186 153195 153219 153464 155175 155293
218518 153084
195995
220571 153084
224668
259487 153083 153084
204192 329373
175525
232869
259493 153079 153083 153084
183720
191914 153084
216492 153482
220588
200112 153294 153482 155065 155293
263602
212405
220600 153084
155065 198307 206764 218555
220602 153083 153084 159684
218555 153077 153482
277950 155547
308674 169414 171496 183898 188160 206523 222733
161221 153176 153195 153219 153294 153464 153525 155175
169414 153079 153322 153482 155547 157680
183751 155547
183752 153084
247238 153083 153084 153482
241099
220620
263627 153084
218576
196049 153080 153083 153084 153322
261585 153084
220627 343612
204245 153083 153084
220631 153084
175578 153084
161243 153083 153084
189916 153084
218586 153084
224734
191970 153084
218594 153084
189927
171496 153079 153084 153482 155547 343612
155113 178084 198307 206764
161258 163784 194177 224826
224747
191980 153084
159216 222733 223091
212465
153077 224843 264044 282455
208373 153083 153084
183799 153084
153079 183931 192418 196144 206388 216569 216572 219051 225140 233011 236450 259642
153080 233320 245619
216569 153083 153084
153083 165794 177767 177815 180183 183968 183971 190018 192381 194177 194502 196144 196231 196271 198280 206484 210429 215007 216572 216749 218861 218878 218927 219086 220682 221097 221158 222864 223188 224759 224870 224891 225139 230929 231012 241566 245539 255771 263983
153084 163784 167820 177767 177812 177815 178147 180054 182087 183931 183971 188119 188395 190018 192381 192410 194502 196144 196231 196271 196570 198280 204619 206707 206764 210429 212726 214692 214737 214854 214952 214999 215007 216593 216749 218704 218715 218868 218878 218919 218927 218990 218992 219018 219019 220682 220989 221097 221158 222772 222804 222864 222975 223188 223205 224759 224826 224870 224891 224894 224914 224981 225005 225101 225108 225112 225134 225139 225140 225226 230929 230965 230981 231012 231021 231034 231039 231058 233011 236450 241566 245539 245581 255771 257817 261922 263983 266221 267790 267812 280377 282520
210429
216572 155547
224759
267780
216582
181769
220682
222729
222732
222733 159263
267790
216593 155547
230929
216600
263706
159263 180183 219008 219051 223091
267812
155175 163476 169718 173987 208836 233069 237403 249846
218667
224812
196144
165426
233011
206388 153322 153482 155547 343612
222772 153553
230965
224826
259642 157680
343612 222799
190018
230981
214599 153322 155547
273993
224843
230989 155547
218702
222799
218704
220753
226897
218707
222804 153322 153482 163785
179797
284237
153176 169718 173987 233069 237403
220761
183898
218715 157680
222812
233058
231012
224870
177767
175720
218729
243305
153195 173987
196203 155547
231021 153322 153553
233069 153219 153464
231034 153322
183931 155547
224891
224894 159684
231039
194177 155547
153219 163476 169718 173987 208836 237403 249846
224900
171653
212614
196231
198280 157680
282244
224910
222864
224914
231058
163476 153292 153467 153525 155293
177812
157334
177815
206484
265881
155293 237403
329373 165794 218834
222879
183968 157680
282271 163785
183971 153553
198307 153322 153482
198308
214692
216749
196271
218802
183991
214713
218810
206523
222909
184004 157680
218822
206536
153292 173987 249846
220877
153294 169718 180183 208836 263983
214737
218834 155547
257748 163785
224981
188119
218847
220896
175849
153322 206764 212726
218861
179950
225005
220914
218868
169718
212726
218878
222974
188160
222975
265982 157680
220933
236450
175884
218895
194320
257817
218906
255771
261922 153553
245539
218919
218927
263983
280377 153553 163785
220989
184131
247619 153482 155547 163785
214854
182087
255814
204619 155547
218956
225101
245581 153553
206671 153482
225108
180054
259261
225112
184153
282455 155547
237403 153464 153467 153525
163676
192350 155547
223070
233320 155547
264044 155547
214893
218990
225134
218992
206707
223091
225139
225140 155547
245619
153464 208836
153467 173987 208836 249846
192381 159684
219008
153482 206764
219018
167820
219019
221074
169877
221079
282520 155547
155546 155547
155547 178084 180183 188395 206764 214938 214952 219051 219100 223213
192410 153553 163785
214938
219034
241566
221089
165794
173987 153525
178084
192418
214952
221097
219051 163785
206764
251821
217007
219057
153525 208836 249846
159684
206789 163785
194502
208836
163784 163785
163785
225226 153553
219086
223184
153553 178147
223188
180183
214999
196570
219100
215007
178147
223205
221158
249830
188395
221163
223213
266221
157680
249846
219132
