#/Users/alinabilokonieva/PycharmProjects/bmkgproject/src/runner.py
# GMT Thu Mar 16 00:44:38 2023
# 
161792 153922 153930 154448 154449 154451 154452 154453 154760 154772 154773 154799 154811 154812 154815 154867 154869 154871 155865 155866 155986 156458 156493 156841 157999 160262 161794
161794 168467 170867 184131 189916 192418 193794 199722 203624 207969 209019 213742 217220 217728 217772 217847 218000 218309 218354 218586 218729 218802 218810 219051 219714 220166 220231 220331 220627 221362 221424 221782 222236 222454 222496 222571 222612 222974 223556 223993 224419 226363 233011 236885 244951 258128 263279 264044 273129 283181
221194 1424 153922 154447 154452 154453 154750 154760 154772 154775 154776 155760 156080 311520
198667 729 153084 153922 153924 153929 153930 154447 154733 154771 154798 154799 154810 154811 154815 155983 155987 156493 157999
219167 153084 153699 153922 154447 154452 154453 154750 154760 154799 154815 154867 154869 154871 155983 155985 155986 155987 156080 307754
223265 153079 153083 153084 153482 153919 153922 154450 154750 154760 154771 154799 154868 156028 160262 160473 160987 308674
200754 729 153083 153084 153699 153922 154479 154733 154771 154775 154798 154810 154811 156028
227385 729 153084 153922 153924 154447 154449 154452 154771 154798 154799 154810 155760 156028
184378 153084 153922 153924 154447 154451 154452 154453 154750 154775 154799 155547 156028 160988
268359 153322 153482 153922 154450 154760 154772 154835 154868 154869 154871 155986 160473 160987
184392 1424 153922 154447 154448 154452 154453 154750 154760 154772 154799 155547 156817 158474 307754
213069 729 153084 153482 153922 153930 154450 154452 154760 154798 154815 154869 154871 155986 156493 156841 157999 160262 160987
159822 153083 153699 153919 153922 154447 154450 154750 154760 154772 154815 154835 154836 154868 154869 154871 155547 155984 155985 155986 156028 308674
235599 1424 153922 154447 154449 154450 154452 154453 154750 154760 154799 155547 156080 156841
258128 153922 153930 154447 154449 154452 154453 154760 154773 154812 154867 154869 154871 155986 156841
163928 1424 153084 153922 154447 154448 154449 154452 154750 154774 154775 154799 155547 155760 156028 160988
163932 153922 153930 154449 154452 154453 154760 154769 154772 154773 154812 154867 156458 157999
153699 155982 158007 180054 180948 189916 191914 192350 193127 193774 193794 195190 195538 195542 197690 199154 203717 203757 205632 205982 208080 211358 213389 213796 216569 217220 218906 218927 219442 219815 221310 221362 221543 223345 223855 225414 226024 226695 231039 233011 240893 245978 247046 258355 258763 259493 262378 277950 278773 283773 283844
155760 166102 166947 168423 168467 171653 176302 180054 181363 183931 186552 190018 190657 191914 192418 194732 194758 195190 195538 195542 197690 199692 201075 203469 206388 208080 212109 212614 213389 213742 214692 214952 216572 217248 217847 217873 218101 218377 218802 218810 219442 219815 219973 220166 220896 221310 221424 222229 222496 222567 222799 222974 223205 223514 224548 224870 225414 226695 228089 230179 230223 230228 230250 230989 233011 236063 244951 245619 248275 250554 258763 259493 259642 262378 264044 271400 277950 279889 281144 283581
219248 1424 153922 154447 154451 154452 154453 154760 154815 154867 154869 154871 155983 155984 155985 155986 155987
223345 729 153083 153084 153922 153924 153929 153930 154479 154733 154771 154798 154799 154815 156028
245874 729 1424 153922 154447 154452 154453 154775 154798 154799 154810 154815 154867 154869 154871 155983 155984 155985 155986 155987 308674
209019 153922 154452 154453 154760 154771 154773 154815 154871 155983 155984 155985 155986 155987
221310 729 153083 153084 153922 154771 154775 154776 154798 154799 154810 156028
217220 154447 154452 154773 154774 154775 154871 155983 155984 155985 155986 155987
225414 729 1424 153084 153922 154447 154449 154452 154453 154750 154760 154772 154774 154775 154776 154810 156028 308674
217248 153083 153084 153922 153930 154447 154452 154760 154771 154774 154775 154776 154815 154871 155983 155984 155985 155986 155987 156028
282795 153084 153922 153924 153929 154447 154449 154452 154453 154479 154733 154771 154773 154798 154810 156841
194732 153079 153922 154449 154450 154452 154771 154774 154775 154776 154798 156028 160262 160987
176302 729 153083 153084 153922 154447 154452 154750 154771 154774 154775 154776 154798 154799 154810 156028 160988
184494 2321 153084 153922 154448 154452 154453 154798 154799 154815 154871 155983 155984 155985 155986 155987 156494
221362 1424 153079 153084 153922 154447 154448 154450 154452 154453 154750 154760 154773 154774 154775 154776 154799 155547 160988
215218 153922 153924 154447 154448 154452 154453 154750 154760 154772 154799 154810 154815 154867 154869 154871 155547 155983 155984 155985 155986 155987 156493 156494 158474 160262 160988
219316 153922 154452 154760 154771 154772 154815 154871 155983 155984 155985 155986 155987 156494
186552 729 153083 153084 153919 153922 153924 153929 154447 154452 154453 154769 154771 154774 154775 154798 154799 154810 156028 156494 156817 158474
282808 153922 154447 154452 154453 154750 154799 154811 154812 154815 154867 154869 154871 155983 155986 156080 156493
221376 1424 153079 153922 154447 154449 154450 154452 154453 154750 154775 154799 155547 158474 160988
190657 729 153922 154479 154733 154771 154775 154776 154811 154815 156028 156493 158166
194758 729 153930 154447 154448 154449 154452 154479 154733 154771 154774 154775 154776 154815 154871 155983 155984 155985 155986 155987 156028
215239 153922 153924 154447 154452 154811 154815 154867 154871 155983 155986 155987 156080 308674
166102 1424 153922 154447 154452 154453 154750 154760 154774 154775 154799 154811 155547 156028 158166 160988
155865 160261 166847 168620 169414 171401 181291 183418 193218 193788 193794 198307 199692 207969 212149 217728 219051 219611 222804 230223 230312 230324 248552 259261 263279 282271
155866 168969 170942 181023 181291 183418 198307 205980 212149 226675 230290 259261 273129 278930
245978 729 153922 153924 154447 154452 154453 154750 154774 154775 154798 154799 154810 155547 156028 160988 182551
311520 170942 175525 193864 206388 206536 207969 214120 214599 217007 218354 218356 219715 220166 220246 221079 222229 224276 228337 242797
260321 153922 153924 154447 154452 154453 154750 154760 154799 154811 155547 156494 156817 156841 158474 160473 307754
262378 729 153083 153084 153919 153922 154447 154452 154760 154771 154774 154775
221424 1424 153922 154447 154452 154453 154750 154760 154769 154772 154773 154774 154775 154776 154799 155547 156028 307754
278773 729 153083 153084 153922 153929 153930 154449 154452 154479 154733 154771 154774 154775 154798 154811 154815 154871 155983 155984 155987 156493
219403 729 1424 153084 153922 154447 154450 154451 154452 154453 154750 154760 154769 154799 154810 155547 156841 160473 160988 182551
2321 162070 168423 170849 189916 203717 205632 206764 212614 213742 219100 223993 224548 259642 265881
182549 153922 153930 154448 154449 154451 154452 154453 154760 154772 154799 154811 154812 154867 154869 154871 155986 156493 156817 156841 158474 182551
162070 1424 153084 153922 154447 154452 154798 154799 154815 154871 155983 155985 155986
182551 191115 192381 193505 205986 206789 212405 217728 218008 218377 222229 222454 222732 222733 224734 230254 230324 250554
223514 1424 153084 153922 154447 154448 154452 154453 154750 154760 154773 154774 154775 154799 154811 154815 154835 154867 154869 154871 155983 155984 155985 155986 155987 156493 163785 307754
219430 153084 153922 154448 154449 154452 154453 154811 154812 154867 154869 154871 156493 307754
219431 153922 154447 154449 154452 154453 154750 154760 154769 154773 154799 154812 156841 307754
157999 163784 168620 181023 185209 185479 197493 198307 205986 222804 223855 230290 263481 273129 278930
219442 729 153079 153084 153922 153924 154447 154449 154450 154452 154750 154771 154774 154775 154799 156028
258355 729 1424 153922 153924 154449 154452 154453 154479 154733 154771 154774 154775 154799 154810 155547 156028 156080
158007 729 1424 153084 153922 153929 153930 154447 154452 154453 154773 154811 154812 154867
153919 171653 180054 183931 192418 195190 205982 213389 214120 214952 218906 219608 219815 222229 222496 222567 223205 224331 224548 230179 230228 230250 245619 250554 259642 271400
153922 152090 154768 155982 156331 156492 158473 160175 160261 163784 166284 166847 166947 168423 168467 168573 168620 168969 169414 170849 170867 170942 171401 171496 175195 175525 178984 180054 180948 181023 181291 181363 183191 183217 183407 183418 183752 183931 183991 184131 185143 185209 185479 188801 191115 191970 192350 192381 192418 193127 193218 193505 193774 193788 193794 193864 194177 195190 195542 195941 197493 197690 198307 199154 199692 199722 201075 201843 203469 203624 203717 203757 204039 205632 205980 205982 205986 206167 206388 206536 206764 206789 207969 208080 208168 210159 211358 212149 212356 212405 213389 213742 213796 214120 214599 214692 214893 214938 214952 216569 216572 216582 216749 217007 217728 217739 217772 217798 217847 217873 218000 218008 218100 218101 218279 218309 218354 218356 218377 218576 218586 218802 218810 218927 219018 219051 219517 219608 219611 219714 219715 219973 220166 220174 220175 220231 220246 220331 220339 220419 220627 220896 221079 221543 222229 222236 222454 222496 222567 222571 222612 222732 222733 222799 222804 223205 223556 223820 223855 223993 224276 224331 224419 224532 224734 224843 225108 225140 226024 226363 226675 226695 228337 230179 230223 230228 230245 230254 230290 230307 230312 230313 230315 230316 230324 230349 230989 231021 231034 231039 231058 232869 233011 233058 236063 236885 240893 242797 242972 244951 247046 248275 257748 258763 258946 259261 259493 263279 263413 263481 264044 264711 265881 267509 273129 277950 278930 279889 281144 282271 282455 282520 283118 283181 283581 283725 283774 283791 283844 230250
153924 152090 168573 169414 171496 178984 180054 180948 191627 192381 195538 195542 197690 199692 205980 205982 206388 208080 210159 212109 212356 213389 214599 214692 214952 217798 217873 218576 219973 223205 223993 226024 226675 230290 231021 231034 233011 236063 242972 248275 248552 258763 259642 263413 281144 282520 283181
223556 153930 154447 154449 154452 154453 154750 154773 154799 154812 154815 154867 154869 154871 155983 155985 155986 156841
153929 155982 160175 166847 183217 183752 192381 193127 199154 203757 206167 210159 213389 214952 216749 219815 221782 223855 224331 226024 228089 231021 231058 242972 247046 281144 283725
153930 152090 155982 156331 160175 160261 166847 168620 171401 180948 181023 181291 183418 183752 185209 193127 193218 193774 195941 201843 203757 204039 206167 206789 207969 210159 213389 217728 218101 218586 218802 218810 219051 219815 221543 222229 222236 223855 224331 224870 224910 225108 226363 228089 230290 230312 230324 230349 231039 233058 247046 263413 264711 267509 278930 282271 283725 283773 283791
155982 729 1424 153083 153084 154449 154452 154479 154733 154771 154798 154799 154815 154871 155983 155984 155985 155986 155987
155983 152090 156331 156492 160175 166284 168423 168467 168573 168620 170849 171401 175195 180948 183418 183991 184131 185143 185209 188801 189916 191115 191627 191914 191970 192381 192418 193774 195058 195368 195538 195941 198307 201843 203469 203624 203717 203757 204039 205986 206167 206789 208080 210092 210159 212109 212614 213389 214893 216749 217556 217739 218000 218008 218100 218101 218309 218354 218576 218729 218802 218810 218927 219018 219034 219051 219100 219517 219611 219714 219715 219815 219973 220175 220231 220627 221079 221543 221782 222229 222567 222571 222612 222799 222804 223855 223993 224200 224331 224419 224532 224734 224843 224870 224910 225108 226363 226695 230223 230324 231039 231058 232869 240893 242972 245619 247046 257748 258946 259642 263279 263413 264711 265881 267509 271400 273129 283118 283181 283773 283844
155984 166284 168423 168467 168573 169414 170849 171496 171653 184131 185143 188801 191115 192350 192381 192418 195368 195538 197690 204039 206536 208080 210092 210159 212109 212614 214120 214893 217556 218100 218101 218354 218802 218810 218906 219034 219051 219517 219611 219715 219973 220627 221543 221782 222229 222567 222612 222799 223820 223993 224200 224276 224419 224532 224734 224843 225108 226363 228337 230223 231034 231058 240893 242972 245619 258946 263279 263413 267509 271400 283181
155985 156331 166284 168423 168467 168573 169414 170849 171401 171496 171653 175195 180948 183418 183991 184131 185143 185209 188801 189916 191115 191627 191970 192350 192381 192418 193774 195058 195368 195538 197690 198307 201843 203469 204039 206167 206536 208080 210092 210159 212109 212614 214120 214893 217556 217739 218008 218100 218101 218354 218802 218810 218906 219018 219034 219051 219100 219517 219611 219715 219973 220627 221543 221782 222229 222567 222571 222612 222799 222804 223820 223855 223993 224200 224276 224419 224532 224734 224843 224910 225108 226363 226675 228337 230223 230324 231034 231039 231058 240893 242972 245619 248552 258946 263279 263413 264711 265881 267509 271400 273129 282271 283118 283181 283773 283844
155986 152090 156331 156492 160261 166284 168423 168467 168573 168620 169414 170849 170942 171401 171496 171653 175195 181023 181291 183418 183991 184131 185143 185209 188801 189916 191115 191627 191970 192350 192381 192418 193218 193774 195058 195368 195538 195941 197690 198307 199722 201843 203469 203624 204039 205986 206167 206536 206789 208080 210092 210159 211358 212109 212614 214120 214893 217556 217728 217739 218000 218008 218100 218101 218309 218354 218576 218729 218802 218810 218906 219018 219034 219051 219100 219517 219611 219714 219715 219973 220231 220331 220627 221543 221782 222229 222567 222571 222612 222799 222804 223820 223855 223993 224200 224276 224419 224532 224734 224843 224910 225108 226363 226675 228337 230223 230312 230315 230324 230349 231034 231039 231058 240893 242972 245619 248552 257748 258946 263279 263413 264711 265881 267509 271400 273129 282271 283118 283181 283773 283844
155987 152090 160175 166284 168423 168467 168573 169414 170849 171401 180948 183991 184131 185143 188801 191115 191914 191970 192381 192418 195058 195538 197690 203469 203717 204039 208080 210092 210159 212109 212614 213389 214893 216749 217556 218008 218100 218101 218354 218802 218810 218927 219034 219051 219100 219517 219611 219715 219815 219973 220627 221079 221543 221782 222229 222567 222612 222799 223993 224200 224331 224419 224532 224734 224843 224870 225108 226363 226695 230223 230228 231058 232869 240893 242972 245619 258946 259642 263279 263413 264711 267509 271400 283181
221543 153084 154447 154448 154449 154450 154452 154453 154750 154760 154771 154773 154811 154815 154867 154871 156080 156493 156494 307754
201075 1424 154447 154448 154452 154453 154750 154760 154772 154775 154799 156817 158474 308674
156028 152090 166284 169414 171496 171653 175525 181363 183931 188395 190018 191914 192350 192418 193127 195190 195542 199692 205982 206388 206536 208080 212109 212149 212356 213389 213742 214120 214692 214893 214952 216569 216572 217007 217772 217847 217873 218101 218279 218377 218906 219034 219608 219815 220166 220419 222229 222496 222567 223820 223993 224331 224548 224870 225140 226024 226675 226695 228089 228337 230179 230223 230228 230250 230989 231034 233011 248275 259642 263279 264044 277950 279889 281144 282455 282520 283581
219517 153083 153084 154452 154775 154810 154815 154871 155547
188801 154452 154453 154750 154815 154867 154869 154871
166284 729 153084 154450 154771 154775 154815 154835 154836 154871
213389 729 153084 154449 154452 154771 154775 154798 154799 154815 154871
278930 154449 154451 154452 154453 154760 154798 154812 156458 160262
211358 154447 154448 154449 154451 154452 154453 154760 154812 154815 154867 154869 154871
160175 729 153084 154447 154450 154479 154733 154771 154798 154799 154815 154871
156080 168423 168620 183931 183991 190018 191970 193505 199692 199722 203624 206789 216582 217728 218354 219034 219714 219715 220339 221079 222236 222567 222974 225140 230315 230324 245619 263413 279889 282455
248275 1424 153084 154447 154452 154453 154750 154760 154774 154775 154799 155547 160754 160988
217556 154452 154479 154771 154774 154775 154871 156817 158474
158166 188395 195542 206388 218927 220896 222567 223205 224200 230228 236063 250554 258763 281144
219608 154449 154452 154453 154750 154760 154769 154773 154775 154812 307754
219611 153084 154447 154450 154451 154452 154453 154750 154760 154799 154815 154867 154869 154871 155547 156458 156817 156841 158474 160262 163785
168423 1424 154447 154452 154453 154760 154773 154775 154776 154811 154815 154867 154869 154871 156493 156841 158474
283118 154447 154449 154452 154453 154750 154760 154769 154773 154812 154815 154867 154869 154871
195058 1424 153084 154447 154452 154479 154733 154771 154815 154871
199154 729 1424 153084 154447 154452 154453 154750 154798 154799 154811
160261 154447 154449 154451 154452 154453 154772 154799 154811 154812 154867 154869 154871 156493 156841 160262
160262 163784 166847 168620 168969 170867 170942 171401 181023 181291 183418 185479 193218 193794 198307 205980 205986 206764 206789 208168 212149 214120 217728 219051 220175 222804 223855 224276 226675 230223 230245 230290 230315 230324 231021 259261 273129
264711 1424 153083 153084 154447 154449 154451 154452 154453 154760 154771 154799 154812 154815 154867 154869 154871 156493
168467 154447 154452 154760 154771 154773 154775 154815 154836 154871 160754
152090 729 154452 160754 154798 154815 154810 154771 154871
236063 153083 153084 154447 154452 154453 154775 154776 154798 154811
307754 158473 166947 168573 168620 168969 171401 175525 181363 183191 183418 183931 183991 191115 191970 192350 193774 193794 193864 194177 197493 199692 204039 205986 206536 207969 208168 212405 214120 214938 216572 217007 218008 218101 218354 218356 219051 220231 220339 222229 222454 222567 222732 224734 224843 225140 230179 230223 230228 230245 230250 230307 230313 230316 230324 230989 236885 242797 257748 259261 263279 263413 264044
283181 153083 153084 154447 154452 154771 154775 154798 154815 154871 160754
281144 153084 154452 154771 154774 154775 154798 154811
219714 1424 154447 154448 154452 154453 154760 154771 154815 154867 154869 154871
219715 1424 154447 154452 154453 154750 154760 154811 154815 154835 154867 154869 154871
223820 154447 154750 154760 154772 154815 154835 154868 154871 160473
221782 1424 153083 153084 154452 154773 154775 154811 154815 154871
193127 729 153084 153322 154449 154479 154733 154771 154799 154815
223855 154448 154449 154452 154453 154769 154771 154798 154810 154815 154871 156458 156494 156841
195190 1424 153084 154447 154452 154750 154775 154776 154799 155547 160988
168573 153084 154447 154452 154750 154760 154775 154799 154815 154867 154869 154871 156841
217728 154449 154452 154453 154760 154772 154799 154812 154867 154869 154871 156841
191115 153084 154447 154448 154452 154453 154750 154760 154799 154815 154836 154867 154869 154871 160988
217739 1424 154447 154448 154452 154760 154771 154772 154815 154871
219815 729 154479 154733 154771 154775 154776 154815
156331 154447 154449 154452 154453 154750 154760 154799 154812 154815 154867 154869 154871
168620 153482 154447 154449 154451 154452 154453 154750 154760 154772 154799 154812 154815 154867 154869 154871 156458 156841
217772 154447 154452 154453 154760 154771 154772 154773 154774 154775 156841
250554 1424 154447 154452 154453 154750 154774 154775 154776 156817 158474
193218 154448 154449 154451 154452 154453 154760 154772 154812 154815 154867 154869 154871 156493 156494 163785
217798 1424 154447 154451 154452 154453 154750 154774 154775 154811 155547 160754
258763 729 153084 154451 154452 154479 154733 154771 154775 154798 154799 154810
203469 153084 154452 154771 154775 154799 154815 154871 156841
180948 729 153084 153322 154771 154798 154810 154815 160473 160987
729 163784 170849 170942 171401 178984 183217 183407 183752 185209 191914 201843 203717 206167 206764 210159 212109 214952 216749 218576 218927 220175 222804 224331 224870 224910 226024 226695 228089 230290 231021 231039 231058 233011 233058 247046 265881 273129 283773 283844
160473 181023 185209 197493 205986 206764 230179 230245 230254 230290 230316 236885 244951 265881 273129
226024 153083 153084 154479 154733 154798 154799 154810
248552 154447 154450 154453 154815 154835 154836 155547 160988 163785
273129 1424 153322 153482 154447 154448 154450 154452 154453 154760 154769 154772 154798 154799 154810 154815 154836 154869 154871 155547 156458 156493 156494 160987 163785
213742 1424 153084 154447 154452 154453 154750 154773 154774 154775 154776 154799 155547
217847 154447 154448 154452 154453 154771 154774 154775 154776 160754
223993 1424 153084 154447 154448 154452 154771 154773 154774 154775 154798 154810 154815 154871
228089 153079 153084 154447 154449 154479 154733 154771 154775 154776 154815
158473 1424 154447 154451 154452 154453 154750 154760 154769 154772 154773 154799 156817 156841 158474 308674
158474 183418 185479 193864 197690 214599 214692 217873 222567 224734 230313 230316 242797 257748 267509
217873 1424 153083 153084 154447 154452 154769 154771 154774 154775 154798 154799 156817 156841
181023 154447 154449 154452 154453 154760 154769 154772 154773 154799 154812 154815 154867 154869 154871 156458
230179 1424 153482 154447 154452 154453 154750 154760 154775 154776 155547 160754 160988
213796 1424 153083 153084 154447 154449 154452 154453 154760 154771 154773 154774 154775 154811 156841
178984 153084 154447 154449 154451 154452 154453 154750 154798 154799 154810 154812 308674
195368 154447 154453 154750 154799 154815 154835 154836 154871 155547
156458 163784 185479 193788 194177 205986 218008 222571 230245 230254 233058 263481
185143 154447 154448 154452 154453 154750 154812 154815 154867 154869 154871
205632 153084 154452 154479 154733 154771 154774 154775 154798 154811 160754
219973 154447 154452 154771 154775 154798 154799 154810 154811 154815 154867 154869 154871
156492 1424 154447 154448 154452 154453 154760 154815 154867 154869 154871 156493 156494
156493 181291 183418 183752 183991 185209 193788 201843 203624 206388 210159 216749 218927 222567 222804 224200 225108 226363 230349 232869 233058 257748 283725
156494 183191 185479 218729 230223 230315 263481 282271 282455
154447 154768 163784 166947 169414 170849 170867 170942 171401 171496 171653 175195 175525 180054 181363 183191 183418 183752 183931 183991 184131 188395 189916 190018 191627 191970 192350 192381 193505 193774 193864 194177 195538 195941 197690 199692 199722 201843 203624 203757 204039 205980 206536 206764 207969 208168 210092 210159 212149 212356 212405 214599 214692 214893 214938 216569 217007 218000 218008 218100 218101 218309 218354 218356 218377 218576 218586 218729 218802 218810 218906 219051 219100 220166 220174 220246 220331 220339 220419 220627 220896 221079 222229 222236 222454 222567 222571 222612 222732 222733 222799 222974 224200 224548 224734 224843 224910 225108 225140 226675 230223 230228 230245 230250 230307 230312 230313 230316 230989 231039 233011 236885 242797 245619 257748 258946 259493 263279 263413 263481 264044 267509 271400 277950 279889 282455 283581 283725 283774 283791 283844
154448 163784 166847 170849 171401 181291 183407 184131 185479 192418 193788 194177 195941 203624 205986 214938 217007 218356 218729 218802 218810 219100 220174 220627 220896 222496 222612 222732 222733 224419 224532 224548 226363 230223 231058 236885 242972 263481 282271 283725
154449 166847 170867 181291 183217 183407 183991 185209 193774 194177 195941 197493 199692 203624 203717 205986 206167 210159 214692 214938 214952 216582 218309 218586 219051 220175 220331 222236 222454 222567 222732 222974 224548 224843 224870 224910 225108 225140 226363 226695 230245 230250 230290 230312 230316 230989 231039 233058 236885 245619 247046 259261 267509 283725 283773 283774 283791
154450 163784 168969 170867 170942 171401 171496 181363 183217 183418 183931 188395 193505 193774 199692 205986 206167 206388 208080 208168 212149 212356 214120 214599 214938 216572 216582 218354 219051 222974 224331 228337 230223 230228 230245 230290 230307 230313 230315 230324 277950 282520
154451 170867 170942 181363 183752 183931 185479 193788 195941 198307 203624 206789 210159 214938 216582 220419 230290 230312 230315 230316 230349 233058 259261 279889 283725 283774 283791
154452 154768 163784 166847 166947 170849 170867 170942 171401 175195 175525 180054 181291 181363 183191 183217 183407 183418 183752 183931 183991 184131 185209 185479 188395 189916 190018 191627 191914 191970 192381 192418 193505 193774 193788 193794 193864 194177 195538 195941 197493 197690 198307 199692 199722 201843 203624 203757 204039 205986 206167 206789 207969 208080 208168 210092 210159 212109 212356 212405 212614 214599 214692 214893 214938 214952 216569 216572 216582 217007 218000 218008 218100 218101 218279 218309 218354 218356 218377 218576 218586 218729 218802 218810 219018 219034 219051 219100 220166 220174 220175 220231 220246 220331 220339 220419 220627 220896 221079 222229 222236 222454 222496 222567 222571 222612 222732 222733 222799 222804 222974 223205 224200 224419 224532 224548 224734 224843 224910 225108 225140 226363 230223 230228 230245 230250 230254 230290 230307 230312 230313 230315 230316 230324 230349 230989 231021 231039 231058 232869 233011 233058 236885 240893 242797 242972 244951 245619 257748 258946 259261 259493 259642 263279 263413 263481 264044 265881 267509 271400 277950 279889 282455 282520 283581 283725 283773 283774 283791 283844
154453 154768 163784 166847 166947 170867 171401 175525 181291 181363 183191 183407 183418 183752 183931 183991 184131 185209 185479 188395 191970 192350 192418 193505 193774 193788 193794 193864 194177 195941 197493 199692 199722 203624 204039 205986 206536 206789 207969 208168 210092 210159 212356 212405 212614 214599 214692 214938 216569 216572 216582 217007 218000 218008 218100 218101 218309 218354 218356 218377 218576 218586 218729 218802 218810 218906 219018 219034 219051 219100 220166 220174 220231 220246 220331 220339 220419 220627 220896 221079 222229 222236 222454 222496 222567 222571 222612 222732 222733 222799 222804 222974 224419 224532 224734 224843 224910 225140 226363 230223 230228 230245 230254 230307 230312 230313 230315 230316 230324 230349 230989 231039 232869 233058 236885 242797 244951 245619 257748 258946 259261 263279 263413 263481 264044 267509 277950 282271 282455 282520 283581 283725 283774 283791 230250
230223 1424 153322 154750 154760 154774 154775 154776 154799 154815 154867 154869 154871 155547 160988
230228 1424 154750 154774 154775 154776 154799 154811 155547 160988
170849 1424 154750 154771 154775 154798 154799 154815 154835 154867 154869 154871
230245 1424 153322 153482 154750 154760 154769 154772 154773 156841
203624 153084 154750 154760 154772 154773 154811 154812 154815 154867 154869 154871 156841
230250 1424 154750 154760 154774 154775 154776 154810 155547 156841 160754 160988
230254 154750 154760 154769 154772 154799 154812 155547 156841
154479 183217 190018 191627 191914 201843 205982 212109 214952 216749 218927 224910 226695 233011 247046 259642 283773
170867 154750 154760 154772 154773 154799 154812 155547 156841
197493 154750 154760 154769 154772 154773 154799 154812 156841
185209 154771 154798 154799 154811 154815 154871
258946 1424 154760 154815 154867 154869 154871 156841
218000 1424 154760 154771 154772 154773 154815 154835 154867 154871 156841 160754
230290 153322 153482 154760 154772 154798 154810 155547 160987 160988
183191 1424 153084 154750 154760 154772 154773 156841
218008 1424 154750 154760 154769 154772 154773 154799 154815 154836 154867 154869 154871 156841
230307 1424 154750 154760 154769 154799 155547 160988
230312 154798 154815 154867 154869 154871
230313 1424 154750 154760 154799 154810 155547
230315 154760 154772 154799 154812 154815 154867 154869 154871 156841
230316 154760 154772 154799 154811 154812 156817
183217 1424 153084 154733 154750 154798 154799 154810
230324 153482 154750 154760 154772 154799 154812 154815 154836 154867 154869 154871 155547 163785
283581 1424 154750 154760 154774 154775 154776 154799 160988
170942 1424 153482 154760 154867 154868 154869 154871 160987
166847 154798 154812 154867 156841
203717 153083 153084 154798 154799 154815 154871
224200 153079 153084 154771 154774 154775 154811 154815 154871
230349 154760 154799 154811 154812 154867 154869 154871
195538 153079 153084 154775 154776 154799 154871
195542 153084 154760 154771 154772 154776 154815 160988
193505 154750 154760 154773 154811 154812 160988
203757 1424 153084 154799 154815 154871 156841 160988
228337 154750 154760 154815 154835 154868 154871 160988
160754 163784 166947 175195 180054 181363 184131 189916 190018 191970 192381 214938 218100 218279 218356 218377 219051 220419 222496 225140 240893 245619 259493 279889 282520 283774
218100 154760 154815 154867 154869 154871
218101 1424 154750 154760 154769 154773 154774 154775 154815 154867 154869 154871 308674
220166 1424 154750 154760 154773 154774 154775 154776
168969 153084 153482 154750 154760 154772 154799 154810 154868 160987 308674
199692 1424 154750 154760 154772 154774 154775 154776 154799 155547 160987 160988
220174 154750 154760 154769 154773 154799 154812 155547 156841
220175 154771 154798 154799 154810 154815 154871 156841 160987
224276 154750 154760 154772 154799 154815 154835 154868
222229 1424 153322 154750 154760 154769 154771 154772 154773 154774 154775 154776 154815 154836 154867 154869 154871 155547 156841 163785
222236 154760 154812 154867 154869 154871
166947 1424 154750 154760 154769 154773 154775 154799 155547
271400 154771 154774 154775 154871
199722 154760 154773 154799 154812 154815 154867 154869 154871 156841
181291 154760 154772 154798 154811 154812 154867 154869 154871
197690 153083 153084 154771 154774 154775 154798 154810 154815 154871
226363 154760 154773 154811 154812 154815 154867 154869 154871 156841
220231 154750 154773 154799 154812 154815 154867 154869 154871 156841
224331 153083 153084 154733 154771 154775 154815
283725 154760 154811 154812 154867 154869 154871
220246 1424 153084 154750 154760 154769 154772 154773 154811
175195 154760 154771 154772 154799 154815 154867 154869 154871 156841
207969 1424 154750 154760 154772 154773 154836 155547
214120 153079 154750 154760 154815 154868 154871
154733 190018 191627 191914 201843 205982 214952 216749 218927 226695 233011 242972 247046 283773
242797 1424 153322 154750 154760 154772 154810 155547 156817 160987
183407 153083 154750 154774 154775 154799 154812 156841 160988
263279 1424 154750 154760 154773 154774 154775 154815 154867 154869 154871
181363 1424 153079 153084 154750 154774 154775 154799 154811 155547 160988
201843 153084 154771 154811 154815 154871
183418 153322 154750 154760 154799 154811 154812 154815 154867 154869 154871 156817
283773 153084 154771 154799 154815 154871
154750 163784 169414 171401 171496 171653 175525 183931 183991 188395 191970 192350 193794 193864 194177 204039 205980 206388 206536 208168 210092 212149 212356 212405 214599 214692 214893 214938 216572 216582 217007 218279 218354 218906 219051 219100 220339 220896 221079 222454 222567 222571 222732 222974 224734 224843 225140 226675 230989 231034 232869 236885 245619 259261 263413 264044 277950 279889 282455 282520 283774
283774 154760 154772 154799 154810 154812
185479 154760 154772 154812 154867 154869 156817 156841
154760 154768 169414 171401 175525 183991 184131 191970 192350 192418 193774 193794 193864 194177 204039 205980 205986 206388 206536 206789 208080 208168 212356 212405 214599 214692 214893 216569 216572 216582 217007 218309 218354 218356 218377 218586 218802 218810 219051 220331 220339 220419 220627 220896 221079 222454 222496 222567 222571 222612 222732 222733 222799 224419 224734 224843 225108 226675 231034 231039 236885 257748 259261 263413 263481 264044 282271 282455 283791
191627 1424 153084 154815 154871 156841
212109 154771 154774 154775 154815 154871
283791 153084 154799 154811 154812 160988
154768 1424 154769 154771 154772 154773 154774 154775 154776
154769 171401 175525 194177 212405 217007 218356 220331 222733 222974 232869 263481
156817 163784 193864 214599 224734 267509
154771 184131 189916 190018 191914 192381 193774 204039 205982 206167 206764 208080 210159 212614 214952 216569 216749 218354 218377 218729 218802 218810 218927 219018 219034 220419 220627 222496 222612 222799 223205 224419 224532 224548 224870 224910 225108 226695 231021 231039 231058 233011 240893 242972 247046 259493 259642 265881 267509 283844
154772 171401 171496 175525 183991 191970 193774 193794 193864 194177 204039 205980 205986 206388 206789 208168 212149 212405 214599 216569 216582 217007 218309 219051 220339 220419 221079 222732 222733 226675 231034 236885 259261 263413
154773 171401 175525 183991 184131 189916 192381 194177 217007 218309 218354 218356 218586 218729 219051 220331 220339 220627 222454 222567 222571 222733 233011 236885 244951 263481 264044
154774 171653 180054 183931 183991 188395 190018 191914 192418 208080 212356 214599 214893 217007 218279 218377 219034 219051 220419 220896 222496 222567 222612 222799 223205 224548 233011 244951 259493 264044 277950 282520
154775 171653 175525 180054 183931 183991 188395 190018 191914 192381 192418 193864 206388 208080 210092 212356 212614 214599 214692 214893 214952 216569 216572 217007 218279 218377 218802 218810 218927 219034 219051 219100 220419 220627 220896 221079 222496 222567 222612 222799 222974 223205 224419 224548 224870 225140 226695 230989 233011 240893 244951 245619 259493 259642 264044 267509 277950 279889 282455 282520
154776 171653 180054 183931 191914 192418 206388 218279 218377 220896 222567 222799 223205 224548 224870 233011 244951 245619 259493 259642 264044
205980 153084 153322 154868 155547 160987 308674
205982 154798 154799 154810 154815 160988
205986 153322 153482 154812 154815 154867 154869 154871 160987
224419 154815 154871 308674
218279 1424 153084 154799 155547 160988
156841 183991 184131 189916 191970 193788 193794 206789 212405 216582 218356 218586 220339 222567 222732 222733 222974 224734 224843 224910 225108 231021 236885 257748 259261 264044 267509 282520
220331 1424 154815 154867 154869 154871
210092 1424 154815 154867 154869 154871
154798 163784 183752 192381 206167 206764 210159 214952 216749 218576 218927 219018 222804 223205 225108 226695 231021 231058 232869 240893 242972 247046 265881 277950 282520 283844
154799 163784 171401 184131 188395 191914 192381 193794 194177 198307 206167 206388 206764 208168 210159 212356 212405 214938 216569 216582 218927 219018 219051 220339 220896 222567 222804 223205 224843 224870 225108 230989 231021 231039 231058 232869 236885 242972 244951 259261 263413 264044 265881 279889 282271 282455 282520 283844
220339 1424
212149 153079 154868 155547 160988 308674
154810 180054 192381 206167 208080 208168 210159 214952 218576 223205 226695 231021 233011 236885 242972 264044 283844
154811 183752 183991 188395 193788 206388 216572 218927 221079 222567 225108 231021 232869 233058 257748 282455
154812 183752 193788 193794 204039 206789 212405 216582 218576 231039 233058 257748 259261 263413 263481 282271
259261
154815 169414 171401 171496 171653 183991 189916 191914 191970 192350 192381 192418 193774 198307 204039 206167 206536 206789 208080 210159 212614 214893 216749 218309 218354 218576 218729 218802 218810 218906 218927 219018 219051 219100 220627 221079 222567 222571 222612 222799 222804 224532 224734 224843 224870 224910 225108 226695 231021 231034 231039 231058 232869 240893 242972 245619 247046 257748 263413 265881 282271 283844
283844 153084 154871
218309 1424 154867 154869 154871
208080 153084 154868 154871
154835 171496 171653 191970 192350 206536 214893 218729 218906 219100 222799 231034 245619
154836 171401 192381 206167 219018 222804 265881
244951 153083 153482
160987 169414 171496 198307 206764 214599 222804
160988 163784 206388 208168 212356 216569 222454 222804 224843 230989 231021 245619 279889 282455 282520
193774 1424 153083 153084 154867 154871
210159 153084 154871 308674
218354 1424 154867 154869 154871 155547
154867 171401 183752 183991 191970 192418 193788 195941 204039 206789 214893 218586 218729 218802 218810 219051 219100 220627 222567 222571 222733 222799 224734 224843 231034 231039 232869 233058 245619 257748 263413 263481 267509 282271
154868 169414 171496 206388 214599 226675 231034
154869 169414 171401 171496 183991 191970 192418 204039 206789 214893 218576 218729 218802 218810 219051 219100 220627 222567 222571 222799 224734 224843 231034 231039 232869 233058 245619 257748 263413 263481 282271
218356 1424
154871 169414 171401 171496 183991 184131 189916 191914 191970 192350 192381 192418 193788 195941 198307 204039 206167 206789 212614 214893 218576 218729 218802 218810 218906 219018 219034 219051 219100 220627 221079 222567 222571 222612 222799 222804 224532 224734 224843 224910 225108 226675 231034 231039 231058 232869 240893 242972 245619 257748 259642 263413 265881 267509
222454 153084 155547
263413 153083 153084 163785
267509
193788
240893 153084
193794
220419 1424
247046 153084
204039
218377
224532 153083
242972 153083 153084
222496 153083
224548 1424
208168 1424 155547
263481 153084
193864 1424
279889 1424 155547
236885 155547
206167 153084
195941 1424
222567 1424 155547
222571 1424
226675 153079 153322
212356 1424 155547
226695
171401 1424 153482 155547
1424 175525 183931 183991 188395 191970 194177 206388 214599 214692 214893 214938 216572 217007 218586 218729 218802 218810 218906 219100 220627 220896 221079 222732 222799 222974 223205 224843 225140 230989 231058 245619 264044 277950
222612
175525
232869
259493 153079 153083 153084
191914 153084
212405
277950 155547
308674 169414 171496 222733
169414 153079 153322 153482 155547
183752 153084
218576
220627
218586 153084
189916 153084
224734
191970 153084
171496 153079 153084 153482 155547
153079 183931 192418 206388 216569 216572 219051 225140 233011 259642
216569 153083 153084
153083 190018 192381 194177 216572 216749 218927 224870
216572 155547
153084 163784 180054 183931 188395 190018 192381 206764 214692 214952 216749 218927 219018 222804 223205 224870 225108 225140 231021 231034 231039 231058 233011 282520
216582
222732
222733
233011
206388 153322 153482 155547
259642
190018
214599 153322 155547
224843
230989 155547
222799
222804 153322 153482 163785
233058
224870
218729
231021 153322
231034 153322
183931 155547
231039
194177 155547
171653
212614
224910
231058
265881
282271 163785
198307 153322 153482
214692
216749
218802
183991
218810
206536
257748 163785
220896
153322 206764
222974
218906
218927
184131
225108
180054
282455 155547
192350 155547
264044 155547
214893
245619
225140 155547
192381
153482 206764
219018
221079
282520 155547
214938 155547
155547 188395 206764 214952 219051 219100
219034
192418
214952
219051 163785
206764
217007
206789 163785
163784 163785
163785
219100
223205
188395
