#/Users/alinabilokonieva/PycharmProjects/bmkgproject/src/runner.py
# GMT Thu Mar 16 02:41:23 2023
# 
161792 36888 38795 153922 153930 154448 154449 154451 154452 154453 154760 154772 154773 154799 154811 154812 154815 154867 154869 154871 155865 155866 155986 156458 156493 156841 157999 160262 161794
161794 168467 170867 175884 182087 184131 189916 191829 192418 193794 199722 203624 207969 209019 213742 216259 217220 217728 217772 217847 218000 218309 218354 218586 218729 218802 218810 219051 219573 219714 220166 220231 220331 220627 221362 221424 221782 222236 222454 222496 222571 222612 222729 222974 223556 223993 224419 226363 230296 233011 236885 244951 249830 258128 263279 264044 273129 283181
221194 1424 36888 153922 154447 154452 154453 154750 154760 154772 154775 154776 155760 156080 311520
198667 729 36888 38795 153084 153922 153924 153929 153930 154447 154733 154771 154798 154799 154810 154811 154815 155983 155987 156493 157999 278773
20 3329205 3329202 3329274 3329178 3329326 2888139 1096267 3332740 3329224 3329199 1047740 3330665 270565 3329261 3329172 3329167 3329198 2637479 3329196 3034227 3045167 2333993 3028390 3041578 3036991
36888 154768 154808 155546 155982 156331 156492 158007 158473 158613 160175 160261 160986 162070 163784 163928 163932 164479 166284 166354 166363 166847 168410 168423 168966 168969 169146 169304 169414 170867 170942 171401 171496 171653 175195 175525 175884 176302 177767 177815 178984 179950 180054 180698 180948 181023 181291 181363 182087 182549 183191 183217 183407 183418 183640 183669 183752 183931 183991 184131 184494 184546 185143 185153 185209 185467 185479 186552 188447 188801 189189 189533 189604 189916 190018 191624 191627 191715 191734 191829 191852 191914 191970 192350 192381 192410 192418 192617 192626 193127 193134 193218 193505 193748 193774 193788 193804 193864 193934 194320 194732 194758 195058 195368 195538 195542 195938 195941 196203 196231 196758 197493 197690 199154 199691 199692 199722 200754 201075 203466 203469 203578 203624 203717 203757 204039 204245 205632 205980 205981 205982 206167 206388 206536 206671 206764 206789 207969 208168 209018 209019 210001 210092 210159 211358 212109 212149 212292 212405 212465 212614 212726 213069 213389 214119 214120 214893 214952 215218 215239 215891 216259 216569 216572 216582 216749 217007 217220 217246 217556 217728 217739 217772 217798 217847 217873 217876 218000 218004 218100 218101 218191 218279 218309 218311 218354 218356 218359 218377 218576 218667 218702 218707 218729 218802 218810 218822 218861 218895 218919 218927 219018 219034 219051 219100 219167 219192 219248 219316 219381 219403 219430 219442 219517 219573 219714 219720 219815 219973 219995 220101 220175 220231 220246 220339 220419 220600 220620 220627 220761 220896 221079 221089 221310 221424 221432 221543 221731 221782 222229 222368 222454 222496 222567 222571 222612 222729 222732 222733 222804 222974 223091 223188 223205 223265 223345 223436 223444 223514 223729 223820 223855 223993 224112 224177 224200 224276 224331 224419 224494 224532 224548 224616 224644 224734 224843 224870 224910 225139 225414 225918 226024 226154 226255 226363 226593 226604 226675 226695 226897 227385 227428 228089 228337 230223 230245 230254 230296 230306 230307 230312 230313 230315 230316 230324 230340 230349 230356 230989 231021 231034 231039 231058 231837 233011 233058 235599 236063 236450 236885 241028 241566 242797 245539 245581 245619 245874 245978 247046 247238 248396 248552 248613 249830 251821 254787 255771 257291 257748 258128 258355 258763 258946 259163 259261 259642 260321 262872 263254 263279 263413 263481 263706 264516 264711 265881 267509 267780 267790 268359 271400 272992 273129 273628 276521 277163 278598 152090 278773 279032 281144 281239 282271 282795 282808 283118 283167 283181 283696 283725 283773 283774 283791 283844 159822 168620 170849 184392 186915 190657 201843 205986 208080 210429 211354 214599 214938 216593 225108 227399 227893 230228 230250 230290 232869 240893 242972 248275 262378 264044 278930 282520 36889
36889 156492 160261 162070 163784 179950 185209 188447 199722 203466 206789 211358 212465 213389 226024 226363 226897 227428 247238 265881 283844
188447 38795 153922 154449 154452 154453 154760 154769 154773 154812 154867 154869 156458 307754
219167 153084 153699 153922 154447 154452 154453 154750 154760 154799 154815 154867 154869 154871 155983 155985 155986 155987 156080 307754
223265 36857 153079 153083 153084 153482 153919 153922 154450 154750 154760 154771 154799 154868 156028 160262 160473 160987 205980 308674
276521 729 2321 10895 36857 154479 154733 154771 154775 154811 155983 155987 156493 160754
200754 729 36857 38795 153083 153084 153699 153922 154479 154733 154771 154775 154798 154810 154811 156028 279032
806967 18561 28538 29214 30948 30956 30992 31321 31325 31568 31677 31753 31781 31875 31897 31902 31934 31949 36079 36825
219192 153922 154447 154448 154452 154453 154760 154815 154871 155983 155987 156080 156841
227385 729 36857 38795 153084 153922 153924 154447 154449 154452 154771 154798 154799 154810 155760 156028
58 3329205 3329188 2930839 3329178 3329274 2637479 3329195 3028390 3329167 3329224 3329197 3332740 3330665 1096267 2333993 2888139 3329172 3330762 3329198 1047740 3036991 3034227 3031648 3045167 3329199 3329196 3329999
184378 36857 38795 153084 153922 153924 154447 154451 154452 154453 154750 154775 154799 155547 156028 160988
155710 177767 183669 193134 195058 205632 205981 205982 216259 218861 219995 220761 221782 223855 242972 258763 262872
278598 729 38795 153084 153922 153924 153929 153930 154452 154479 154733 154798 154815
227399 153699 153922 153929 154447 154452 154453 154760 154772 154773 156080 156841 311520
184392 1424 153922 154447 154448 154452 154453 154750 154760 154772 154799 155547 156817 158474 307754
268359 153322 153482 153922 154450 154760 154772 154835 154868 154869 154871 155986 160473 160987 308674
796747 24575 28538 29214 30945 30948 31167 31232 31321 31753 31781 31852 31875 31893 31902 31915 31934 32035 35024 36825
213069 729 38795 153084 153482 153922 153930 154450 154452 154760 154798 154815 154869 154871 155986 156493 156841 157999 160262 160987
159822 36857 153083 153699 153919 153922 154447 154450 154750 154760 154772 154815 154835 154836 154868 154869 154871 155547 155984 155985 155986 156028 308674 231837
235599 1424 153922 154447 154449 154450 154452 154453 154750 154760 154799 155547 156080 156841
258128 153922 153930 154447 154449 154452 154453 154760 154773 154812 154867 154869 154871 155986 156841
163928 1424 153084 153922 154447 154448 154449 154452 154750 154774 154775 154799 155547 155760 156028 160988
163932 38795 153922 153930 154449 154452 154453 154760 154769 154772 154773 154812 154867 156458 157999 159263
30817 8759 36825 801477 804186 805671 801463 810593 804187 801464 804615 801476 793826 207408 811611 809119 790461 801465
153699 155546 155982 158007 158613 166354 166363 169304 175884 177767 180054 180698 180948 182087 184546 185153 189189 189604 189916 191914 192350 193127 193134 193774 193794 195190 195538 195542 196231 196758 197690 199154 203578 203717 203757 205632 205982 208080 211358 213389 213796 216569 216593 217220 218004 218191 218667 218906 218927 219057 219442 219815 219995 221310 221362 221432 221543 222368 223345 223436 223855 224112 224616 225139 225414 226024 226695 227428 231039 231837 233011 236450 240893 245978 247046 254787 258355 258763 259493 262378 262872 263706 267780 273628 277950 278773 283773 283844
30820 8759 36825 207408 801475 790461 801464 811611 801463 801476 801477 801465 801004 804615
227428 729 38795 153084 153922 153929 153930 154479 154733 154771 154815 155983
30822 8759 36825 790461 801476 811611 801004 804615 809127 207408 801477 154558 801464 809119
192617 36857 153083 153924 154448 154452 154774 154775 154871 155983 155984 155985 155986 155987
30827 8759 36825 809119 801464 801476 811611 804674 787082 801477 790461 804614 805671 804186 426567 810593 801463 793826 207408
30831 8759 36825 809119 801463 804615 804186 801464 801465 811611 790461 810593 207408 801004
155760 158187 166102 166363 166947 168423 168467 171653 175884 176302 180054 181363 182087 183931 186552 189533 190018 190657 191914 192418 194732 194758 195190 195538 195542 196758 197690 199692 201075 203469 206388 208080 212109 212614 213389 213742 214692 214952 215891 216572 216593 217248 217847 217873 218101 218191 218359 218377 218802 218810 219381 219442 219815 219973 219995 220166 220620 220896 221310 221424 221731 222229 222496 222567 222799 222974 223205 223514 224548 224870 225414 226695 228089 230179 230223 230228 230250 230989 233011 236063 244951 245619 248275 250554 251821 258763 259493 259642 262378 264044 267780 271400 277950 279889 281144 283581
30833 8759 36825 804186 801476 804615 811611 207408 801004 801477 801464 809127 790461 809119 801463
192626 153084 153922 154447 154451 154452 154453 154750 154799 154811 154812 156494 156495 164480
219248 1424 153922 154447 154451 154452 154453 154760 154815 154867 154869 154871 155983 155984 155985 155986 155987
223345 729 36857 153083 153084 153922 153924 153929 153930 154479 154733 154771 154798 154799 154815 156028
245874 729 1424 36857 38795 153922 154447 154452 154453 154775 154798 154799 154810 154815 154867 154869 154871 155983 155984 155985 155986 155987 308674
209018 729 36857 38795 153084 153929 153930 154449 154450 154479 154733 154771 154799 156028
209019 153922 154452 154453 154760 154771 154773 154815 154871 155983 155984 155985 155986 155987
800892 17346 17524 18561 28538 28646 30512 30847 30850 30945 30948 30956 30992 31160 31167 31172 31677 31775 31852 31873 31876 31915 33243 35024 36079 36825
30845 8759 36825 801463 207408 804615 801477 801476 811611 809119 801464 790461 804614 801004 809127 804186
221310 729 36857 153083 153084 153922 154771 154775 154776 154798 154799 154810 156028
30847 8759 36825 801004 811611 801477 801476 788743 207408 804674 809127 801463 804615 790461 801465 804187 801464 809119 804186 807471
18559 8759 36825 810499 812482 810810 793544 793826 812541 154558 797763 207408 797579 787082 801004 810593
18561 8759 36825 793578 810593 787082 798576 806182 793826 804187 797580 804674 783239 154558 797579 812541 207408 812482 797581 787550 788743
30850 8759 36825 804615 801463 801477 801465 804674 207408 801004 801476 811611 801464
18563 8759 36825 804187 793578 812541 797763 793877 804674 426567 810810 801475 805671 797579
217220 154447 154452 154773 154774 154775 154871 155983 155984 155985 155986 155987
225414 729 1424 36857 153084 153921 153922 154447 154449 154452 154453 154750 154760 154772 154774 154775 154776 154810 156028 178984 308674
3344525 270565 1047740 1096267 2333993 2637479 2888139 2930839 3028390 3031648 3034227 3036991 3041578 3045167 3329167 3329172 3329178 3329188 3329195 3329196 3329197 3329198 3329199 3329202 3329205 3329224 3329261 3329274 3329326 3329999 3330665 3332740
196758 1424 36857 153922 153924 154447 154452 154773 154774 154775 154799 156028
2930839 286613 288583 290316 290374 301212 302747 302925 304287 306156 306438 3353066 3355259 3361901 2991609
3330199 157 287868 289490 290140 290316 303324 304801 305336 306156 306438 3342163 3350478 3355259
30873 8759 36825 804674 801465 804186 807471 801476 811611 207408 801463 801477 801475 790461 804615 810593 801464
301212 270565 3329188 3329199 2333993 3329178 3329274 3329196 3329198 3041578 3329172 3329197 3330665 3329202 3329999 3329167 3036991 3329326 3034227 2888139 3329224 1047740
157 2637479 3329198 3329167 3329274 3330762 3329197 3329188 3329261 3330665 1096267 270565 3028390 3329326 3329224 3045167 2888139 3329205 3329172 3036991 1047740 2333993 3329195 3329196 3332740 3329199 3041578 3034227
217246 153083 153084 154452 154771 154775 154815 154871 155983 155984 155985 155986 155987
809119 15517 26328 28069 28341 28538 28958 29214 29292 29830 30259 30449 30512 30601 30948 31160 31232 31250 31325 31568 31677 31727 31753 31774 31781 31784 31791 31812 31875 31876 31897 31902 31915 31934 31949 33243 33574 36079 36237 36825
217248 153083 153084 153922 153930 154447 154452 154760 154771 154774 154775 154776 154815 154871 155983 155984 155985 155986 155987 156028
809127 15517 17324 29292 30259 30421 30601 30956 31250 31321 31475 31623 31784 31902 33574 36238 36825
282795 10895 38795 153084 153922 153924 153929 154447 154449 154452 154453 154479 154733 154771 154773 154798 154810 156841
194732 36857 153079 153922 154449 154450 154452 154771 154774 154775 154776 154798 156028 160262 160987
176302 729 36857 153083 153084 153921 153922 154447 154452 154750 154771 154774 154775 154776 154798 154799 154810 156028 160988
184494 2321 153084 153922 154448 154452 154453 154798 154799 154815 154871 155983 155984 155985 155986 155987 156494
215218 38795 153922 153924 154447 154448 154452 154453 154750 154760 154772 154799 154810 154815 154867 154869 154871 155547 155983 155984 155985 155986 155987 156493 156494 158474 160262 160988
221362 1424 153079 153084 153922 154447 154448 154450 154452 154453 154750 154760 154773 154774 154775 154776 154799 155547 160988
219316 153922 154452 154760 154771 154772 154815 154871 155983 155984 155985 155986 155987 156494 156495
186552 729 36857 38795 153083 153084 153919 153922 153924 153929 154447 154452 154453 154769 154771 154774 154775 154798 154799 154810 156028 156494 156495 156817 158474
282808 153922 154447 154452 154453 154750 154799 154811 154812 154815 154867 154869 154871 155983 155986 156080 156493
305336 270565 3329224 2333993 3329199 1047740 3329196 3041578 3330762 3329178 1096267 3329202 3329167 3329326 3034227 3329172 3329188 3329197 3329274
221376 1424 153079 153922 154447 154449 154450 154452 154453 154750 154775 154799 155547 158474 160988
190657 729 36857 153922 154479 154733 154771 154775 154776 154811 154815 156028 156493 158166
194758 729 36857 153921 153930 154447 154448 154449 154452 154479 154733 154771 154774 154775 154776 154815 154871 155983 155984 155985 155986 155987 156028
215239 36857 38795 153922 153924 154447 154452 154811 154815 154867 154871 155983 155986 155987 156080 308674
223436 729 153084 153929 154479 154733 154771 154811 154815 155983 155987 156493
35024 8759 36825 797580 787082 798576 810593 804674 787550 793826 793575 797579 810810
223442 1424 36857 153919 153922 154447 154452 154453 154750 154775 154799 155547 156028 307754
223444 1424 154447 154452 154453 154815 154867 154869 154871 155983 155985 155986 155987
166102 1424 36857 153922 154447 154452 154453 154750 154760 154774 154775 154799 154811 155547 156028 158166 160988
155865 160261 166847 168620 169146 169414 171401 181291 183418 185467 193218 193788 193794 198307 199692 207969 212149 217728 219051 219611 222804 230223 230312 230324 248552 259261 263279 282271
155866 168969 170942 181023 181291 183418 198307 205980 206671 212149 221089 226675 230290 259261 273129 278930
245978 729 36857 153922 153924 154447 154452 154453 154750 154774 154775 154798 154799 154810 155547 156028 160988 182551
303324 270565 3329202 3028390 3330665 3045167 3329167 3329274 1047740 3329224 3329197 3329198 3329326 3036991 3329205 3329172 3329261 3329196 3034227 3329188 3329195 2333993 3041578 3329178 1096267 2637479 3330762 2888139 3332740
311520 170942 175525 193864 196203 206388 206536 206671 207969 214120 214599 217007 218311 218354 218356 218359 218702 218895 219715 220166 220246 221079 222229 224276 226593 228337 242797
30945 8759 36825 797579 793575 154558 783239 797763 798576 426567 797581 207408 810593
184546 36857 153083 153084 153924 154447 154452 154771 154815 155547 156028 156817 158474
260321 38795 153922 153924 154447 154452 154453 154750 154760 154799 154811 155547 156494 156817 156841 158474 160473 307754
30948 8759 36825 797763 810499 793826 793575 793578 798576 793544 801475 797581 154558 207408 805671 783239 804187 812541 797579
270565 286561 300677 286613 290316 300975 3342045 3342163 306438 3350478 302747 3353066 302925 287868 3355845 303335 3361901 288583 2078634 304287 304801 290374 2991609 290140
303335 1096267 3329198 3329196 3329167 2333993 1047740 3329199 3036991 3329202 3330762 3329326 3041578 2888139
262378 729 153083 153084 153919 153922 154447 154452 154760 154771 154774 154775
30956 8759 36825 801475 797579 812482 798576 810810 804187 793826 783239 810499 797763 207408
801004 28341 28379 28538 28542 28958 29062 29214 29292 29830 30259 30421 30512 31321 31325 31475 31500 31568 31623 31665 31774 31784 31897 31902 31949 31998 33243 34665 36238 36825 154558
221424 1424 36857 153922 154447 154452 154453 154750 154760 154769 154772 154773 154774 154775 154776 154799 155547 156028 307754
263413 36857 38795 153083 153084 153922 153924 153930 154447 154452 154453 154750 154760 154772 154799 154812 154815 154867 154869 154871 155983 155984 155985 155986 155987 156080 163785 307754
219381 729 36857 38795 153084 153922 154450 154451 154452 154775 154776 154798 156028
278773 729 36857 38795 153083 153084 153922 153929 153930 154449 154452 154479 154733 154771 154774 154775 154798 154811 154815 154871 155983 155984 155987 156493
221432 729 2321 36857 153083 153084 153924 154449 154479 154771 154775 156028
788743 24575 28069 30512 31167 31250 31325 31753 31775 31791 31852 31873 31875 31876 31893 31934 31949 32035 33574
219403 729 1424 153084 153922 154447 154450 154451 154452 154453 154750 154760 154769 154799 154810 155547 156841 160473 160988 182551
30992 8759 36825 797579 207408 810810 810499 797580 812482 154558 797763 793578 798576 787082
2321 160986 162070 168423 170849 189916 203717 205632 206764 212614 213742 218004 219100 220600 223993 224548 259642 264516 265881
182549 38795 153922 153930 154448 154449 154451 154452 154453 154760 154772 154799 154811 154812 154867 154869 154871 155986 156493 156817 156841 158474 182551
162070 1424 153084 153922 154447 154452 154798 154799 154815 154871 155983 155985 155986
182551 191115 192381 193505 205986 206789 212405 217728 218008 218377 220101 220761 222229 222454 222732 222733 223729 224734 230254 230324 249830 250554
223514 1424 153084 153922 154447 154448 154452 154453 154750 154760 154773 154774 154775 154799 154811 154815 154835 154867 154869 154871 155983 155984 155985 155986 155987 156493 163785 307754
28958 8759 36825 801477 207408 806182 154558 793877 793826 793575 810499 804674 804803 812541 797763 787550 804186 807471
219430 153084 153922 154448 154449 154452 154453 154811 154812 154867 154869 154871 156493 307754
219431 153922 154447 154449 154452 154453 154750 154760 154769 154773 154799 154812 156841 307754
3041578 287868 288583 289490 290140 290316 290374 302747 304287 306156 3342045 3350478 3355259
157999 163784 168620 181023 185209 185467 185479 197493 198307 205986 212292 222804 223855 230290 263481 273129 278930
219442 729 36857 153079 153084 153922 153924 154447 154449 154450 154452 154750 154771 154774 154775 154799 156028
258355 729 1424 10895 36857 153922 153924 154449 154452 154453 154479 154733 154771 154774 154775 154799 154810 155547 156028 156080
158007 729 1424 38795 153084 153922 153929 153930 154447 154452 154453 154773 154811 154812 154867
153919 171653 177815 180054 183931 192418 195190 196203 205982 213389 214120 214952 218906 219608 219815 220620 221089 222229 222496 222567 223188 223205 224331 224548 230179 230228 230250 245619 250554 259642 267780 271400
153921 152090 180698 189604 204245 218919 219973 221089 224870 225918 226897 255771 283181
153922 152090 154768 154808 155546 155982 156331 156492 158473 160175 160261 160986 163784 164479 166284 166363 166847 166947 168410 168423 168467 168573 168620 168966 168969 169146 169304 169414 170849 170867 170942 171401 171496 175195 175525 177767 178984 180054 180698 180948 181023 181291 181363 183191 183217 183407 183418 183640 183669 183752 183931 183991 184131 185143 185209 185479 186915 188801 189189 189604 191115 191624 191715 191734 191829 191852 191970 192350 192381 192410 192418 193127 193134 193218 193505 193748 193774 193786 193788 193794 193804 193864 193934 194177 194320 195190 195542 195941 196231 197493 197690 198307 199154 199691 199692 199722 201075 201843 203466 203469 203578 203624 203717 203757 204039 204245 205632 205980 205982 205986 206167 206388 206536 206671 206764 206789 207969 208080 208168 210001 210159 210429 211354 211358 212149 212292 212356 212405 212465 212726 213389 213742 213796 214119 214120 214599 214692 214893 214938 214952 215891 216259 216569 216572 216582 216593 216749 217007 217728 217739 217772 217798 217847 217873 217876 218000 218008 218100 218101 218279 218309 218311 218354 218356 218359 218377 218576 218586 218702 218707 218802 218810 218861 218895 218919 218927 219018 219051 219057 219517 219573 219608 219611 219714 219715 219720 219973 220101 220166 220174 220175 220231 220246 220331 220339 220419 220600 220627 220761 220896 221079 221089 221543 221731 222229 222236 222368 222454 222496 222567 222571 222612 222729 222732 222733 222799 222804 223091 223205 223556 223729 223820 223855 223993 224112 224120 224177 224276 224331 224419 224494 224532 224616 224644 224734 224843 225108 225139 225140 226024 226154 226255 226363 226593 226675 226695 226897 227893 228337 230179 230223 230228 230245 230254 230290 230296 230306 230307 230312 230313 230315 230316 230324 230340 230349 230356 230989 231021 231034 231039 231058 232869 233011 233058 236063 236885 240893 241566 242797 242972 244951 245539 245581 247046 247238 248275 248396 248613 249830 254787 255771 257291 257748 258763 258946 259163 259261 259493 262872 263254 263279 263481 263706 264044 264516 264711 265881 267509 267790 272992 273129 273628 277163 277950 278930 279032 279889 281144 281239 282271 282455 282520 282997 283118 283167 283181 283581 283696 283725 283774 283791 283844 230250
153924 152090 166354 168573 168966 169304 169414 171496 177767 177815 178984 180054 180698 180948 183669 189189 191627 191852 192381 193934 195538 195542 196231 197690 199692 204245 205980 205982 206388 208080 210159 210429 211354 212109 212356 213389 214599 214692 214952 217798 217873 218576 218919 219973 220761 221089 223205 223729 223993 224616 224644 226024 226675 226897 227893 230290 231021 231034 233011 236063 241566 242972 248275 248552 255771 258763 259163 259642 262872 264516 273628 277163 281144 282520 283181
223556 38795 153930 154447 154449 154452 154453 154750 154773 154799 154812 154815 154867 154869 154871 155983 155985 155986 156841
264516 729 36857 38795 153084 153929 154771 154775 154798 154811
16713 8759 36825 801464 207408 804615 801476 426567 801465 801475 810810 790461 804614 801477
153929 154808 155982 160175 166847 168966 169304 177767 183217 183669 183752 189604 191624 191715 192381 192410 193127 193134 193748 193934 199154 203578 203757 204245 206167 210001 210159 213389 214952 216749 219815 221782 222368 223188 223855 224331 224616 224644 225139 225918 226024 226255 226897 227893 228089 231021 231058 241566 242972 245539 245581 247046 247238 248396 248613 254787 257291 259163 267790 272992 273628 277163 279032 281144 283696 283725
153930 152090 155982 156331 160175 160261 166847 168620 169304 171401 179950 180948 181023 181291 183418 183752 185209 185467 191624 191715 192410 193127 193218 193748 193774 195941 201843 203757 204039 206167 206789 207969 210001 210159 211354 213389 217728 218101 218586 218802 218810 218861 218919 219051 219815 221543 222229 222236 222729 223855 224112 224331 224616 224870 224910 225108 225918 226255 226363 227893 228089 230290 230312 230324 230340 230349 230356 231039 233058 236450 241028 241566 245539 247046 248613 251821 254787 257291 264711 267509 272992 273628 278930 279032 282271 283725 283773 283791
155982 729 1424 36857 38795 153083 153084 154449 154452 154479 154733 154771 154798 154799 154815 154871 155983 155984 155985 155986 155987
155983 152090 156331 156492 158613 160175 166284 168423 168467 168573 168620 170849 171401 175195 177815 180948 183418 183991 184131 185143 185153 185209 188801 189533 189916 191115 191627 191829 191914 191970 192381 192418 193774 195058 195368 195538 195941 198307 201843 203466 203469 203624 203717 203757 204039 205981 205986 206167 206789 208080 210001 210092 210159 210429 211354 212109 212614 213389 214893 216749 217556 217739 218000 218004 218008 218100 218101 218309 218354 218576 218667 218729 218802 218810 218822 218927 219018 219034 219051 219100 219132 219517 219611 219714 219715 219815 219973 220175 220231 220627 221079 221543 221782 222229 222567 222571 222612 222799 222804 223855 223993 224112 224200 224331 224419 224532 224734 224843 224870 224910 225108 225139 226363 226695 230223 230324 231039 231058 232869 240893 241028 242972 245539 245619 247046 248613 251821 254787 257291 257748 258946 259642 263254 263279 264711 265881 267509 271400 273129 273628 283118 283181 283696 283773 283844
155984 158187 158613 166284 166354 168423 168467 168573 169414 170849 171496 171653 184131 185143 188801 189533 191115 192350 192381 192418 195368 195538 195938 196203 197690 203466 204039 205981 206536 208080 210092 210159 212109 212614 212726 214119 214120 214893 215891 217556 218100 218101 218354 218802 218810 218822 218906 219034 219051 219132 219517 219611 219715 219973 220627 221543 221782 222229 222567 222612 222799 223820 223993 224200 224276 224419 224532 224734 224843 225108 226363 226593 228337 230223 231034 231058 231837 240893 242972 245619 258946 263279 267509 271400 283181
155985 156331 158187 158613 166284 166354 168423 168467 168573 169414 170849 171401 171496 171653 175195 180948 183418 183991 184131 185143 185209 188801 189916 191115 191627 191970 192350 192381 192418 193774 195058 195368 195538 195938 196203 197690 198307 201843 203466 203469 204039 205981 206167 206536 208080 210092 210159 212109 212614 212726 214119 214120 214893 217556 217739 218008 218100 218101 218354 218802 218810 218822 218906 219018 219034 219051 219100 219132 219517 219611 219715 219973 220627 221543 221782 222229 222567 222571 222612 222799 222804 223820 223855 223993 224200 224276 224419 224532 224734 224843 224910 225108 226363 226593 226675 228337 230223 230324 231034 231039 231058 231837 240893 242972 245619 248552 258946 263254 263279 264711 265881 267509 271400 273129 282271 283118 283181 283773 283844
155986 152090 156331 156492 160261 164479 166284 166354 168423 168467 168573 168620 169414 170849 170942 171401 171496 171653 175195 179950 181023 181291 183418 183991 184131 185143 185209 188801 189916 191115 191627 191734 191829 191970 192350 192381 192418 193218 193774 193786 195058 195368 195538 195938 195941 196203 197690 198307 199722 201843 203466 203469 203624 204039 205981 205986 206167 206536 206789 208080 210092 210159 211358 212109 212614 212726 214119 214120 214893 217556 217728 217739 218000 218004 218008 218100 218101 218309 218354 218576 218667 218729 218802 218810 218822 218906 219018 219034 219051 219100 219132 219517 219611 219714 219715 219973 220231 220331 220627 221543 221782 222229 222567 222571 222612 222729 222799 222804 223820 223855 223993 224200 224276 224419 224532 224734 224843 224910 225108 226363 226593 226675 228337 230223 230312 230315 230324 230349 231034 231039 231058 231837 240893 242972 245619 248552 257748 258946 263254 263279 264711 265881 267509 271400 273129 282271 283118 283167 283181 283773 283844
155987 152090 158613 160175 166284 168423 168467 168573 169414 170849 171401 180948 183991 184131 185143 185153 188801 189533 191115 191914 191970 192381 192418 195058 195538 197690 203466 203469 203717 204039 205981 208080 210001 210092 210159 210429 211354 212109 212614 213389 214893 216749 217556 218008 218100 218101 218354 218667 218802 218810 218822 218927 219034 219051 219100 219132 219517 219611 219715 219815 219973 220627 221079 221543 221782 222229 222567 222612 222799 223993 224200 224331 224419 224532 224734 224843 224870 225108 225139 226363 226695 230223 230228 231058 232869 240893 242972 245619 251821 254787 258946 259642 263279 264711 267509 271400 273628 283181
221543 153084 154447 154448 154449 154450 154452 154453 154750 154760 154771 154773 154811 154815 154867 154871 156080 156493 156494 307754
267509 36857 38795 154447 154449 154452 154453 154771 154775 154867 154871 156817 156841 158474
201075 1424 154447 154448 154452 154453 154750 154760 154772 154775 154799 156817 158474 308674 222729
282997 1424 36857 38795 153084 154447 154452 154453 154750 154760 154774 154775 164480 307754
156028 152090 158187 166284 166354 168410 169414 171496 171653 175525 175884 177815 181363 183931 188395 189604 190018 191852 191914 192350 192418 193127 195190 195542 195938 196203 199692 205982 206388 206536 206671 208080 212109 212149 212292 212356 213389 213742 214119 214120 214692 214893 214952 216569 216572 216593 217007 217772 217847 217873 218101 218191 218279 218311 218377 218906 219034 219132 219608 219720 219815 219995 220166 220419 220761 221089 221731 222229 222496 222567 223820 223993 224120 224331 224548 224870 225140 226024 226593 226604 226675 226695 226897 228089 228337 230179 230223 230228 230250 230989 231034 231837 233011 236450 248275 251821 255771 259642 263279 264044 267780 277950 279889 281144 282455 282520 283581
219517 36857 153083 153084 154452 154775 154810 154815 154871 155547
156031 158187 166354 171653 180698 192350 195542 196203 206536 214119 217556 221089 222229 222567 263279 267780
188801 154452 154453 154750 154815 154867 154869 154871
29062 8759 36825 797763 810499 207408 793826 804615 804674 787550 154558 812541 787082 804186 798576 793877
166284 729 36857 153084 154450 154771 154775 154815 154835 154836 154871
213389 729 36857 153084 154449 154452 154771 154775 154798 154799 154815 154871
278930 38795 154449 154451 154452 154453 154760 154798 154812 156458 160262
211354 729 153084 154771 154798 154799 154810 154815
231837 36857 153084 154771 154815 154835 154836 154871
211358 38795 154447 154448 154449 154451 154452 154453 154760 154812 154815 154867 154869 154871
160175 729 36857 38795 153084 154447 154450 154479 154733 154771 154798 154799 154815 154871
156080 168423 168620 183640 183931 183991 189533 190018 191970 193505 194320 199692 199722 203624 206789 216582 217728 217876 218354 218359 218702 218895 219034 219057 219714 219715 220339 221079 222236 222567 222974 224494 225140 226154 230315 230324 245619 279889 282455
219573 38795 153083 154447 154452 154453 154750 154760 154772 154773 154811 160754
31160 8759 36825 793544 810810 801477 812482 804615 805671 793575 797581 804187 797579 783239 804803
31167 8759 36825 810593 798576 804674 797579 787082 804614 793575 812482 426567 797763
31172 8759 36825 812541 797579 783239 798576 797580 801475 426567 207408 804615 793575
2888139 286561 286613 287868 288583 289490 290140 290316 290374 300677 300975 302747 302925 304287 304801 306156 306438 2078634 3342045 3342163 3350478 3355259 3355845 3361901 2991609
166354 36857 153083 154750 154815 154835 154869 154871
248275 1424 36857 153084 154447 154452 154453 154750 154760 154774 154775 154799 155547 160754 160988
217556 10895 36857 154452 154479 154771 154774 154775 154871 156817 158474
158166 158187 180698 188395 195542 206388 218927 220620 220896 222567 223205 224200 230228 236063 250554 258763 281144
219608 154449 154452 154453 154750 154760 154769 154773 154775 154812 307754
168410 1424 36857 153084 154447 154450 154452 154453 154750 154774 154775 154799
33243 8759 36825 801464 790461 801463 801465 801476 804674 801477 804186 207408 811611
166363 1424 154447 154448 154452 154453 154760 154771 154774 154775
180698 36857 153084 154771 154799 154810 154815 156493
219611 153084 154447 154450 154451 154452 154453 154750 154760 154799 154815 154867 154869 154871 155547 156458 156817 156841 158474 160262 163785
168423 1424 154447 154452 154453 154760 154773 154775 154776 154811 154815 154867 154869 154871 156493 156841 158474
3353066 1047740 2637479 3028390 3031648 3034227 3329167 3329172 3329188 3329196 3329197 3329198 3329199 3329202 3329205 3329224 3329274 3329999 3332740
158187 36857 153084 154750 154774 154775 154815 154835
283118 154447 154449 154452 154453 154750 154760 154769 154773 154812 154815 154867 154869 154871
223729 1424 153083 153084 154447 154452 154799 154815 154836 156841
195058 1424 10895 153084 154447 154452 154479 154733 154771 154815 154871
199154 729 1424 38795 153084 154447 154452 154453 154750 154798 154799 154811
279032 729 38795 153084 154479 154733 154798 154810 247046
31232 8759 36825 787082 812482 793575 798576 801475 797763 804615 426567 797579 804187
160261 38795 154447 154449 154451 154452 154453 154772 154799 154811 154812 154867 154869 154871 156493 156841 160262
160262 160986 163784 166847 168620 168969 170867 170942 171401 181023 181291 183418 185479 193218 193748 193794 198307 205980 205986 206671 206764 206789 208168 212149 214120 217728 219051 220175 221089 222804 223855 224276 226675 230223 230245 230290 230315 230324 231021 259261 273129
264711 1424 38795 153083 153084 154447 154449 154451 154452 154453 154760 154771 154799 154812 154815 154867 154869 154871 156493 164480
31250 8759 36825 783239 797580 804615 804614 812482 426567 787082 804803 805671 804187 797579 207408 793575 797581 801475 793544
168467 154447 154452 154760 154771 154773 154775 154815 154836 154871 160754
152090 729 36857 154452 160754 154798 154815 154810 154771 154871
29214 8759 36825 793877 154558 810810 793826 801477 793578 804674 207408 787082 797763 801475 804615 797580 804803 806182
236063 36857 153083 153084 154447 154452 154453 154775 154776 154798 154811
283167 38795 154447 154451 154452 154453 154760 154812 154815 154867 154869 154871
186915 1424 36857 154447 154452 154453 154750 154760 154775 154811 160988 307754
221731 153083 154447 154448 154452 154453 154760 154771 154775 154776
307754 158473 166947 168573 168620 168969 171401 175525 181363 183191 183418 183640 183931 183991 191115 191970 192350 193774 193794 193864 194177 195938 197493 199691 199692 204039 205986 206536 206671 207969 208168 212405 214120 214938 216572 217007 217876 218008 218101 218311 218354 218356 218707 218895 219051 219057 220101 220231 220339 222229 222454 222567 222732 224177 224734 224843 225140 230179 230223 230228 230245 230250 230307 230313 230316 230324 230340 230989 236885 242797 257748 259261 263279 264044 277950 279889 281239 282455
283181 36857 153083 153084 154447 154452 154771 154775 154798 154815 154871 160754
807471 17361 21157 28379 29835 30421 30449 31665 31998 36238 36825
207408 15459 15517 17324 17346 17361 17524 21157 26328 28069 28341 28379 28538 28542 29292 29499 29830 29835 30248 30259 30339 30421 30449 30601 31321 31325 31475 31500 31568 31623 31665 31774 31781 31784 31791 31812 31873 31875 31897 31915 31949 31998 33574 34665 36079 36237 36238 36825
227893 729 36857 38795 153083 153084 154798 154799 154810
8759 15459 15517 17324 17346 17361 17524 21157 24575 26328 28069 28341 28379 28538 28542 28646 29292 29499 29830 29835 30248 30259 30339 30421 30449 30512 30601 31321 31325 31475 31500 31568 31623 31665 31677 31727 31753 31774 31775 31781 31784 31791 31812 31852 31873 31875 31876 31893 31897 31902 31915 31934 31949 31998 32035 33574 34665 36079 36237 36238
281144 36857 153084 154452 154771 154774 154775 154798 154811
219714 1424 154447 154448 154452 154453 154760 154771 154815 154867 154869 154871
219715 1424 154447 154452 154453 154750 154760 154811 154815 154835 154867 154869 154871
426567 21157 28542 28646 29292 31727 31753 31852 31875 31893 31902 31915 31934 32035 33574 36825
219720 1424 154447 154452 154453 154750 154760 154774 154775 154811 160988
1096267 286561 286613 287868 288583 289490 290140 290316 290374 302747 304287 304801 306156 306438 3350478 3355259 3355845 2078634
223820 154447 154750 154760 154772 154815 154835 154868 154871 160473
248396 153083 153084 154447 154449 154452 154453 154771 154798 154799 156841
221782 1424 36857 38795 153083 153084 154452 154773 154775 154811 154815 154871
31321 36825 806182 804187 810810 801475 801463 793826 797580 793877 787550 810499 793578 787082 804614 798576 797763
811611 17361 26328 28379 29292 29830 29835 30248 30259 30421 30449 31500 31665 31774 31998 36237 36238 36825
31325 36825 812541 793544 797580 787550 798576 797579 804187 812482 804614
272992 729 38795 153084 154447 154479 154733 154771 154798 154799 154815
3031648 286613 287868 288583 290140 290316 290374 300677 302747 304287 306156 3355259
193127 729 36857 153084 153322 154449 154479 154733 154771 154799 154815
3330665 286613 287868 288583 289490 290140 290316 290374 302747 302925 304287 306156 306438 2991609 3350478 3355259 3361901
29292 36825 787082 790461 801463 804614 804615 801477 801476 801465
193134 10895 36857 153083 154450 154479 154733 154771 154815 205982
223855 154448 154449 154452 154453 154769 154771 154798 154810 154815 154871 156458 156494 156841
195190 1424 36857 153084 154447 154452 154750 154775 154776 154799 155547 160988
3355259 1047740 2333993 2637479 3028390 3034227 3036991 3045167 3329167 3329172 3329178 3329188 3329195 3329197 3329199 3329202 3329205 3329224 3329261 3329274 3329326 3330762 3332740
168573 36857 153084 154447 154452 154750 154760 154775 154799 154815 154867 154869 154871 156841
225918 729 36857 153084 154449 154452 154774 154775 154776 154811
164479 729 38795 153084 154447 154452 154760 154815 154871 156493 164480
164480 181363 183640 199691 208168 212356 218100 220419 226154 230179 230313 230349 231039 247238
217728 38795 154449 154452 154453 154760 154772 154799 154812 154867 154869 154871 156841 159263
3332740 286561 286613 290316 290374 300677 302747 304287 306156 306438 3342163 3350478
787082 15517 24575 28069 28341 28538 28542 29499 30512 30601 31727 31775 31791 31812 31873 31875 31897 31902 31915 31949 33574 36079 36237 36825
191115 153084 154447 154448 154452 154453 154750 154760 154799 154815 154836 154867 154869 154871 160988
217739 1424 154447 154448 154452 154760 154771 154772 154815 154871
10895 158613 182087 191627 205981 205982 219034 224200 226604 242972
281239 38795 154447 154450 154452 154453 154750 154760 154772 154799 154812 156817 158474 308674
21157 36825 801477 790461 801476 801465 801464 804187 804615 801475
219815 729 36857 38795 154479 154733 154771 154775 154776 154815
156331 38795 154447 154449 154452 154453 154750 154760 154799 154812 154815 154867 154869 154871
168620 38795 153482 154447 154449 154451 154452 154453 154750 154760 154772 154799 154812 154815 154867 154869 154871 156458 156841
217772 36857 154447 154452 154453 154760 154771 154772 154773 154774 154775 156841
277163 729 38795 153083 153084 154479 154733 154798 154799 154810
801463 15517 17324 17346 17361 17524 28341 28379 28542 29830 29835 30248 30259 30339 30421 30449 30601 31475 31500 31568 31623 31665 31677 31781 31784 31812 31876 31902 31934 31998 34665 36237 36238 36825
801464 15459 15517 17324 17346 17361 17524 28379 29830 29835 30248 30339 30421 30449 30601 31500 31774 31902 31934 36237 36825 790461
801465 15459 15517 17324 17346 17361 17524 26328 29835 30248 30339 30449 30601 36237 36825
250554 1424 36857 154447 154452 154453 154750 154774 154775 154776 156817 158474
193218 38795 154448 154449 154451 154452 154453 154760 154772 154812 154815 154867 154869 154871 156493 156494 156495 163785
801475 17324 24575 28379 28538 29835 30339 30512 30601 31753 31775 31781 31784 31852 31875 31876 31915 31934 33574 36079 36825
801476 17324 17346 17361 17524 26328 29830 29835 30248 30339 30449 30601 31500 31774 36237 36825
801477 15459 17324 17346 17361 17524 26328 28379 28538 28542 29499 29830 29835 30248 30259 30339 30421 30449 30601 31475 31500 31568 31623 31665 31677 31774 31781 31784 31812 31876 31897 31998 34665 36237 36238 36825
217798 1424 154447 154451 154452 154453 154750 154774 154775 154811 155547 160754
203466 36857 154447 154452 154760 154815 154867 154871
258763 729 36857 153084 154451 154452 154479 154733 154771 154775 154798 154799 154810
3330762 286561 289490 290374 302747 304287 304801 306156 2991609 3342163 3355845 3361901
203469 153084 154452 154771 154775 154799 154815 154871 156841
289490 3028390 3329167 3329195 3045167 2333993 1047740 3329261 3329199 3329197 3036991 3329172 3329196 3329188 3329178 3329202
180948 729 153084 153322 154771 154798 154810 154815 160473 160987
262872 36857 153083 153084 154452 154771 154798 154799 154810 156841 160754
729 154808 160986 163784 168966 169304 170849 170942 171401 177767 178984 183217 183407 183669 183752 185153 185209 189604 191624 191715 191852 191914 192410 193748 193934 196231 201843 203717 206167 206764 210001 210159 212109 212292 214952 216593 216749 218004 218576 218927 220175 220600 220620 222368 222804 223188 224112 224331 224616 224644 224870 224910 225139 226024 226255 226695 226897 228089 230290 231021 231039 231058 233011 233058 236450 241028 241566 245539 245581 247046 248613 251821 254787 257291 265881 267790 273129 273628 283773 283844
160473 181023 185209 197493 205986 206764 230179 230245 230254 230290 230296 230316 236885 244951 265881 273129
226024 36857 38795 153083 153084 154479 154733 154798 154799 154810
248552 36857 154447 154450 154453 154815 154835 154836 155547 160988 163785
273129 1424 38795 153322 153482 154447 154448 154450 154452 154453 154760 154769 154772 154798 154799 154810 154815 154836 154869 154871 155547 156458 156493 156494 159263 160987 163785
213742 1424 153084 154447 154452 154453 154750 154773 154774 154775 154776 154799 155547
31475 36825 810499 804615 787550 797763 806182 810810 804187 793877
217847 154447 154448 154452 154453 154771 154774 154775 154776 160754
223993 1424 36857 153084 154447 154448 154452 154771 154773 154774 154775 154798 154810 154815 154871
228089 36857 38795 153079 153084 154447 154449 154479 154733 154771 154775 154776 154815
189189 1424 38795 153084 154447 154452 154798 154799 154810 160987
158473 1424 154447 154451 154452 154453 154750 154760 154769 154772 154773 154799 156817 156841 158474 308674
158474 183418 185479 193804 193864 197690 214599 214692 217873 218707 222567 224734 230313 230316 230356 242797 257748 263706
31500 36825 810499 804186 790461 797581 804615 812482
217873 1424 36857 153083 153084 154447 154452 154769 154771 154774 154775 154798 154799 156817 156841
217876 1424 154447 154452 154453 154750 154760 154772 154775 154811
181023 38795 154447 154449 154452 154453 154760 154769 154772 154773 154799 154812 154815 154867 154869 154871 156458
230179 1424 36857 38795 153482 154447 154452 154453 154750 154760 154775 154776 155547 160754 160988
213796 1424 153083 153084 154447 154449 154452 154453 154760 154771 154773 154774 154775 154811 156841
248613 38795 153084 154447 154733 154771 154798 154799 154815
33574 36825 804187 805671 804615 797581 804614 812541 783239 810593
805671 15517 28069 28379 31774 31934 31949 36825
178984 38795 153084 154447 154449 154451 154452 154453 154750 154798 154799 154810 154812 308674
195368 36857 154447 154453 154750 154799 154815 154835 154836 154871 155547
156458 163784 185467 185479 193788 194177 205986 218008 222571 223091 224177 230245 230254 233058 263481
185143 38795 154447 154448 154452 154453 154750 154812 154815 154867 154869 154871
203578 38795 153083 154447 154452 154771 154798 154799 154810 154815
29499 36825 806182 797763 793877 787550 812541 793826 154558 804803 804186 810499
205632 36857 153084 154452 154479 154733 154771 154774 154775 154798 154811 160754
185153 38795 153083 153084 154452 154771 154775 154799 154815 154871
254787 36857 38795 153084 154452 154771 154799 154871
219973 36857 154447 154452 154771 154775 154798 154799 154810 154811 154815 154867 154869 154871
156492 1424 154447 154448 154452 154453 154760 154815 154867 154869 154871 156493 156494 156495
156493 181291 183418 183669 183752 183991 185209 193788 194320 201843 203624 206388 210159 216749 218927 219057 222567 222804 223188 224200 224644 225108 226363 230349 232869 233058 241028 257748 283725
156494 183191 185479 193786 218729 224494 230223 230315 263481 282271 282455
154447 154768 154808 163784 166947 169146 169414 170849 170867 170942 171401 171496 171653 175195 175525 175884 179950 180054 181363 183191 183418 183640 183752 183931 183991 184131 185467 188395 189533 189916 190018 191627 191829 191852 191970 192350 192381 193505 193774 193786 193864 194177 194320 195538 195938 195941 196203 197690 199691 199692 199722 201843 203624 203757 204039 205980 206536 206764 207969 208168 210092 210159 210429 212149 212356 212405 212465 214599 214692 214893 214938 216569 217007 218000 218008 218100 218101 218191 218309 218311 218354 218356 218359 218377 218576 218586 218667 218702 218707 218729 218802 218810 218822 218861 218895 218906 218919 219051 219057 219100 220101 220166 220174 220246 220331 220339 220419 220600 220627 220896 221079 222229 222236 222454 222567 222571 222612 222729 222732 222733 222799 222974 223091 224112 224120 224177 224200 224494 224548 224644 224734 224843 224910 225108 225140 226154 226593 226604 226675 230223 230228 230245 230250 230306 230307 230312 230313 230316 230340 230356 230989 231039 233011 236885 242797 245539 245581 245619 247238 249830 257291 257748 258946 259163 259493 263279 263481 264044 267790 271400 277950 279889 282455 283581 283725 283774 283791 283844
31568 36825 793877 810810 810499 790461 793826 797763 806182
154448 163784 166847 168966 170849 171401 175884 181291 183407 183669 184131 185467 185479 191715 192418 193786 193788 194177 195941 203624 205986 214938 215891 217007 218004 218356 218729 218802 218810 219100 220101 220174 220627 220896 222496 222612 222729 222732 222733 224419 224494 224532 224548 226363 230223 230356 231058 236885 242972 263481 263706 282271 283725
154449 155546 166847 168966 169146 170867 179950 181291 183217 183407 183991 185209 185467 189533 191734 192410 193748 193774 193804 193934 194177 195941 197493 199692 203624 203717 204245 205986 206167 210159 212292 212465 214692 214938 214952 216582 218309 218311 218586 218707 218861 219051 220175 220331 220600 222236 222368 222454 222567 222732 222974 223091 224112 224548 224843 224870 224910 225108 225140 226154 226363 226695 230245 230250 230290 230306 230312 230316 230340 230989 231039 233058 236885 245619 247046 247238 249830 259261 267790 283725 283773 283774 283791
154450 160986 163784 168969 170867 170942 171401 171496 181363 183217 183418 183931 188395 191715 193505 193774 199692 205986 206167 206388 208080 208168 212149 212356 212726 214120 214599 214938 216572 216582 218354 219051 222974 224120 224331 228337 230223 230228 230245 230290 230307 230313 230315 230324 245581 263254 267780 277950 282520
154451 170867 170942 181363 183752 183931 185467 185479 193788 193804 195941 198307 203624 206789 210159 212465 214938 216582 218707 220419 230290 230296 230306 230312 230315 230316 230349 233058 259261 279889 283725 283774 283791
154452 154768 154808 155546 158613 163784 166847 166947 169146 170849 170867 170942 171401 175195 175525 175884 177815 179950 180054 181291 181363 182087 183191 183217 183407 183418 183640 183752 183931 183991 184131 185209 185467 185479 188395 189533 189916 190018 191627 191734 191829 191914 191970 192381 192410 192418 193505 193774 193786 193788 193794 193804 193864 194177 194320 195538 195941 197493 197690 198307 199691 199692 199722 201843 203624 203757 204039 204245 205981 205986 206167 206789 207969 208080 208168 210092 210159 210429 212109 212292 212356 212405 212465 212614 214599 214692 214893 214938 214952 215891 216259 216569 216572 216582 217007 218000 218004 218008 218100 218101 218191 218279 218309 218311 218354 218356 218359 218377 218576 218586 218667 218702 218707 218729 218802 218810 218822 218861 218895 218919 219018 219034 219051 219057 219100 219995 220101 220166 220174 220175 220231 220246 220331 220339 220419 220600 220620 220627 220761 220896 221079 222229 222236 222454 222496 222567 222571 222612 222729 222732 222733 222799 222804 222974 223091 223205 224177 224200 224419 224494 224532 224548 224644 224734 224843 224910 225108 225140 226154 226363 226604 230223 230228 230245 230250 230254 230290 230296 230306 230307 230312 230313 230315 230316 230324 230340 230349 230356 230989 231021 231039 231058 232869 233011 233058 236885 240893 241028 242797 242972 244951 245619 247238 249830 257748 258946 259163 259261 259493 259642 263254 263279 263481 263706 264044 265881 267780 267790 271400 277950 279889 282455 282520 283581 283696 283725 283773 283774 283791 283844
154453 154768 154808 155546 163784 166847 166947 169146 170867 171401 175525 175884 181291 181363 183191 183407 183418 183640 183752 183931 183991 184131 185209 185467 185479 188395 191734 191829 191970 192350 192418 193505 193774 193786 193788 193794 193804 193864 194177 194320 195941 197493 199691 199692 199722 203624 204039 205986 206536 206789 207969 208168 210092 210159 212356 212405 212465 212614 214599 214692 214938 215891 216569 216572 216582 216593 217007 218000 218008 218100 218101 218309 218354 218356 218359 218377 218576 218586 218702 218707 218729 218802 218810 218895 218906 219018 219034 219051 219057 219100 220101 220166 220174 220231 220246 220331 220339 220419 220600 220627 220896 221079 222229 222236 222454 222496 222567 222571 222612 222729 222732 222733 222799 222804 222974 223091 224177 224419 224494 224532 224734 224843 224910 225140 226154 226363 230223 230228 230245 230254 230296 230306 230307 230312 230313 230315 230316 230324 230340 230349 230356 230989 231039 232869 233058 236885 242797 244951 245619 249830 257748 258946 259261 263279 263481 263706 264044 267790 277950 282271 282455 282520 283581 283696 283725 283774 283791 230250
156495 193786 193788 218729 220101 224494 230315 230356 231021 263481 283725
215891 1424 36857 154750 154760 154776 154815 154835
230228 1424 36857 154750 154774 154775 154776 154799 154811 155547 160988
219995 36857 153084 154479 154733 154771 154774 154775
170849 1424 154750 154771 154775 154798 154799 154815 154835 154867 154869 154871
230245 1424 153322 153482 154750 154760 154769 154772 154773 156841
203624 153084 154750 154760 154772 154773 154811 154812 154815 154867 154869 154871 156841
226154 38795 154760 154811 154812 156841
230250 1424 36857 154750 154760 154774 154775 154776 154810 155547 156841 160754 160988
230254 38795 154750 154760 154769 154772 154799 154812 155547 156841
154479 168966 169304 177815 183217 183669 189604 190018 191624 191627 191715 191914 196231 201843 205981 205982 212109 214952 216259 216749 218822 218861 218919 218927 220620 220761 223188 224644 224910 226255 226604 226695 226897 233011 236450 241028 241566 247046 251821 255771 257291 259642 267780 283773 182087
224112 38795 153084 154771 154815 154871
170867 154750 154760 154772 154773 154799 154812 155547 156841
197493 38795 154750 154760 154769 154772 154773 154799 154812 156841
224120 36857 153079 153322 154750 154760 154772 154868 160988 308674
185209 38795 154771 154798 154799 154811 154815 154871
258946 1424 154760 154815 154867 154869 154871 156841
31623 36825 804615 793826 810499 787550 793877 797763 154558 810593 806182
783239 28646 30512 31677 31727 31753 31775 31876 31893 31915 36079 36825
797579 15459 24575 28646 30512 31677 31727 31775 31873 31875 31876 31893 31897 31915 31934 31949 32035
797580 24575 28069 28538 28646 30512 31677 31727 31775 31781 31791 31852 31873 31875 31876 31893 31897 31902 32035 36825
797581 28538 31753 31775 31875 31893 31934 32035 36825
218000 1424 154760 154771 154772 154773 154815 154835 154867 154871 156841 160754
230290 38795 153322 153482 154760 154772 154798 154810 155547 160987 160988
218004 38795 153084 154771 154775 154815 154871
158613 36857 153084 154799 154811 154871
183191 1424 153084 154750 154760 154772 154773 156841
218008 1424 154750 154760 154769 154772 154773 154799 154815 154836 154867 154869 154871 156841 159263
230296 154750 154760 154769 154773 154799 155547
230306 38795 153084 154750 154799 154812 156841
230307 1424 154750 154760 154769 154799 155547 160988
236450 36857 38795 153079 153084 154733 154771 154799 154815
230312 38795 154798 154815 154867 154869 154871
230313 1424 36857 154750 154760 154799 154810 155547
230315 154760 154772 154799 154812 154815 154867 154869 154871 156841
17324 36825 804186 804614 793544 790461
230316 38795 154760 154772 154799 154811 154812 156817
31665 36825 804186 804615 810499 790461 810593
183217 1424 36857 38795 153084 154733 154750 154798 154799 154810
224177 1424 154760 154769 154772 154773 156841
230324 38795 153482 154750 154760 154772 154799 154812 154815 154836 154867 154869 154871 155547 163785
31677 36825 810499 787550 804614 793826 810593 812541 804187 812482 798576 797763 810810 793575
154558 28069 28341 28379 28542 30248 31791 31812 31949 31998 34665 36079 36238 36825
166847 38795 154798 154812 154867 156841
170942 1424 153482 154760 154867 154868 154869 154871 160987
283581 1424 36857 154750 154760 154774 154775 154776 154799 160988
17346 36825 793826 790461 804615 804674
230340 38795 154760 154811 154812 154867
203717 153083 153084 154798 154799 154815 154871
220101 1424 154750 154760 154773
224200 153079 153084 154771 154774 154775 154811 154815 154871
793544 24575 28069 28646 30248 30449 30512 31727 31753 31775 31852 31875 31876 31897 31915 32035 36079 36825
230349 38795 154760 154799 154811 154812 154867 154869 154871
226255 36857 38795 153084 154733 154771 154799 154815
17361 36825 804674 790461 804615
195538 36857 38795 153079 153084 154775 154776 154799 154871
230356 38795 154760 154812 156817 156841
195542 36857 153084 154760 154771 154772 154776 154815 160988
193505 38795 154750 154760 154773 154811 154812 160988
793575 15459 24575 31775 31875 31876 31893 31915 32035 36825
793578 28379 28538 31784 31791 31876 31897 31902 31949 36825
306156 1047740 3329178 2333993 3329999 3045167 3329326 3329167 3329199 3329195 2637479 3329172 3329196 3329224 3034227 3329205 3329261 3329202 3329188 3329274 3028390 3329197 3036991
203757 1424 153084 154799 154815 154871 156841 160988
31727 36825 804187 810810 812482 812541 798576
228337 154750 154760 154815 154835 154868 154871 160988
160754 163784 166947 175195 180054 181363 184131 189916 190018 191970 192381 199691 212292 214938 216259 218100 218279 218356 218377 218702 219051 220419 222496 225140 240893 245619 259493 279889 282520 283774
218100 154760 154815 154867 154869 154871
218101 1424 154750 154760 154769 154773 154774 154775 154815 154867 154869 154871 308674
168966 38795 153084 154733 154798 154799 154810
220166 1424 36857 154750 154760 154773 154774 154775 154776
31753 36825 797763 804674
168969 36857 153084 153482 154750 154760 154772 154799 154810 154868 160987 308674
199691 1424 154750 154760 154811 155547
199692 1424 36857 154750 154760 154772 154774 154775 154776 154799 155547 159263 160987 160988
220174 154750 154760 154769 154773 154799 154812 155547 156841
220175 38795 154771 154798 154799 154810 154815 154871 156841 160987
224276 154750 154760 154772 154799 154815 154835 154868
222229 1424 36857 153322 154750 154760 154769 154771 154772 154773 154774 154775 154776 154815 154836 154867 154869 154871 155547 156841 159263 163785
222236 154760 154812 154867 154869 154871 159263
31774 36825 804186 797763 804615
31775 36825 798576 804614 804187
166947 1424 36857 154750 154760 154769 154773 154775 154799 155547
31781 36825 793826 793877 810499 787550 810810 797763 804615
31784 36825 793877 810499 793826 797763 804615 810810
271400 36857 154771 154774 154775 154871
199722 38795 154760 154773 154799 154812 154815 154867 154869 154871 156841
181291 38795 154760 154772 154798 154811 154812 154867 154869 154871
31791 36825 793826 804614 804615 810499 797763 812482
283696 38795 153084 154798 154799 154810 154811 154871
197690 36857 153083 153084 154771 154774 154775 154798 154810 154815 154871
226363 38795 154760 154773 154811 154812 154815 154867 154869 154871 156841
797763 15459 28341 28379 28538 28542 28646 30259 31812 31852 31873 31876 31893 31897 31902 31915 31949 32035 34665 36825
31812 36825 793826 806182 810810 810499 793877
220231 154750 154773 154799 154812 154815 154867 154869 154871 156841
224331 36857 38795 153083 153084 154733 154771 154775 154815
283725 154760 154811 154812 154867 154869 154871
218191 1424 36857 153083 154750 154774 154775 154776 154811
210001 38795 153083 153084 154798 154799 154815 154871
220246 1424 153084 154750 154760 154769 154772 154773 154811
263254 154760 154772 154798 154815 154871 160987
175195 154760 154771 154772 154799 154815 154867 154869 154871 156841
259163 1424 36857 153084 154750 154771 154775 154798 154810
189533 1424 36857 154771 154774 154775
787550 28069 28538 28542 31876 34665 36825
207969 1424 154750 154760 154772 154773 154836 155547
15459 36825 804615 804186 804674 790461
214119 154750 154760 154815 154835 154868 154871 160988
214120 36857 153079 154750 154760 154815 154868 154871
31852 36825 804187 812482 812541
154733 169304 177767 183669 189604 190018 191624 191627 191715 191914 196231 201843 205981 205982 214952 216259 216749 218822 218861 218919 218927 220620 220761 222368 223188 224644 226604 226695 226897 233011 241028 241566 242972 245539 247046 251821 255771 257291 267780 283773
242797 1424 153322 154750 154760 154772 154810 155547 156817 160987
183407 36857 38795 153083 154750 154774 154775 154799 154812 156841 160988
263279 1424 36857 38795 154750 154760 154773 154774 154775 154815 154867 154869 154871
3361901 1047740 2333993 3028390 3034227 3036991 3329167 3329178 3329188 3329195 3329196 3329197 3329198 3329202 3329205 3329224 3329274
181363 1424 153079 153084 154750 154774 154775 154799 154811 155547 160988
17524 36825 790461 804674 804187 804615
201843 153084 154771 154811 154815 154871
3034227 286561 286613 288583 290316 290374 300677 304287 306438 2991609 3342163 3350478
183418 153322 154750 154760 154799 154811 154812 154815 154867 154869 154871 156817
185467 1424 154867
287868 2333993 3329188 3329198 3329167 3329172 3329178 3329274 3329202 3329197 3329199 3036991 3028390 3329195 3329196 3329261 3329224 1047740
283773 38795 153084 154771 154799 154815 154871
154750 155546 163784 169414 171401 171496 171653 175525 183931 183991 188395 191970 192350 193794 193864 194177 195938 196203 204039 205980 206388 206536 206671 208168 210092 212149 212356 212405 212465 212726 214599 214692 214893 214938 216572 216582 216593 217007 218279 218311 218354 218359 218667 218702 218906 219051 219100 219132 220339 220600 220896 221079 222454 222567 222571 222732 222974 224734 224843 225140 226593 226675 230223 230989 231034 232869 236885 245619 249830 259261 264044 267790 277950 279889 282455 282520 283774
283774 38795 154760 154772 154799 154810 154812
31873 36825 810810 804187 812482 793877 810593 804674 810499 798576
31875 36825 804187 798576 812482
31876 36825 804803 806182 804187 812541 793826 812482 810810 798576 810593
29830 36825 790461 804615 804186
185479 38795 154760 154772 154812 154867 154869 156817 156841
154760 154768 155546 169414 171401 175525 183640 183991 184131 191734 191829 191970 192350 192418 193774 193786 193794 193804 193864 194177 194320 204039 205980 205986 206388 206536 206671 206789 208080 208168 212356 212405 212726 214599 214692 214893 216569 216572 216582 217007 218309 218311 218354 218356 218359 218377 218586 218702 218802 218810 218895 219051 220331 220339 220419 220600 220627 220896 221079 221089 222454 222496 222567 222571 222612 222729 222732 222733 222799 223091 224419 224494 224734 224843 225108 226593 226675 230223 231034 231039 236885 249830 257748 259261 263481 263706 264044 282271 282455 283791
191624 38795 153083 153084 154798 154799 154810
191627 1424 153084 154815 154871 156841
29835 36825 790461 804674 804615
212109 36857 154771 154774 154775 154815 154871
283791 38795 153084 154799 154811 154812 160988
154768 1424 154769 154771 154772 154773 154774 154775 154776
154769 155546 171401 175525 193804 194177 212405 217007 218356 220331 222733 222974 232869 263481
156817 163784 169146 193804 193864 214599 218707 224734 226604 263706
154771 160986 175884 177767 177815 182087 183669 184131 189604 189916 190018 191829 191852 191914 192381 193774 193934 196231 204039 205981 205982 206167 206764 208080 210159 212292 212614 214952 216259 216569 216749 218354 218377 218729 218802 218810 218919 218927 219018 219034 220419 220600 220620 220627 220761 221089 222368 222496 222612 222799 223188 223205 224419 224494 224532 224548 224870 224910 225108 226604 226695 231021 231039 231058 233011 240893 241028 242972 245581 247046 251821 255771 257291 259493 259642 265881 267780 283844
154772 171401 171496 175525 183640 183991 191970 193774 193794 193804 193864 194177 204039 205980 205986 206388 206671 206789 208168 212149 212405 214599 216569 216582 217007 218309 218702 218895 219051 220339 220419 221079 221089 222732 222733 223091 226675 231034 236885 249830 259261
31893 36825 812482 804674
154773 171401 175525 182087 183991 184131 189916 191829 192381 194177 216259 217007 218309 218354 218356 218586 218729 218895 219051 220331 220339 220627 222454 222567 222571 222733 233011 236885 244951 247238 249830 263481 264044
154774 171653 175884 180054 182087 183931 183991 188395 190018 191914 192418 208080 212292 212356 214599 214893 217007 218279 218311 218377 219034 219051 220419 220896 222496 222567 222612 222799 223205 224548 230223 233011 244951 259493 264044 267780 277950 282520
154775 171653 175525 175884 180054 182087 183931 183991 188395 190018 191852 191914 192381 192418 193864 206388 208080 210092 210429 212292 212356 212614 214599 214692 214893 214952 216569 216572 216593 217007 218279 218311 218359 218377 218802 218810 218822 218927 219034 219051 219100 219132 220419 220620 220627 220761 220896 221079 222496 222567 222612 222799 222974 223205 224419 224548 224870 225139 225140 226695 230223 230989 233011 240893 244951 245581 245619 247238 251821 259493 259642 264044 267780 277950 279889 282455 282520
31897 36825 804803 810810 793877 806182 810499
154776 171653 175884 180054 182087 183931 191914 192418 206388 218279 218359 218377 220620 220896 222567 222799 223205 224548 224870 230223 233011 244951 245619 251821 259493 259642 264044
3329172 286561 286613 288583 290140 290316 290374 300677 302747 302925 304287 304801 306438 2991609 3342045 3342163 3350478
205980 36857 153084 153322 154868 155547 160987 308674
15517 36825 804614 790461 804615 793826
31902 36825 810810 793877 810499 804615 804614
205981 1424 36857 154815 154871
205982 36857 154798 154799 154810 154815 160988
222368 38795 153083 153084 154798 154799
205986 38795 153322 153482 154812 154815 154867 154869 154871 159263 160987
224419 154815 154871 308674
189604 36857 38795 153084 154810 154815
304287 3329197 3329202 3329198 3329274 3028390 3329326 1047740 3329188 3329224 3045167 3329178 3329167 3329261 3329196 3329205 3329999 2333993 2637479 3329195 3036991
230223 1424 36857 38795 153322 154799 154815 154867 154869 154871 155547 160988
218279 1424 153084 154799 155547 160988
3329188 286561 286613 288583 290140 290316 290374 300677 300975 302747 304801 306438 2991609 3342163 3350478
156841 183640 183991 184131 189916 191734 191970 193788 193794 193804 206789 212405 212465 216582 218356 218586 218702 218707 218895 220339 222567 222732 222733 222974 223091 224734 224843 224910 225108 226604 231021 236885 257748 259261 264044 282520
31915 36825 804187 812541 812482 798576
210092 1424 36857 154815 154867 154869 154871
220331 1424 154815 154867 154869 154871
154798 154808 160986 163784 169304 177767 183669 183752 191852 192381 192410 193748 193934 196231 204245 206167 206764 210159 210429 214952 216259 216749 218576 218919 218927 219018 222804 223205 224616 225108 225139 226695 226897 231021 231058 232869 240893 241566 242972 245539 245581 247046 247238 255771 265881 267790 273628 277950 282520 283844
154799 155546 160986 163784 171401 177767 177815 184131 188395 191852 191914 192381 192410 193794 193934 194177 195938 196231 198307 204245 206167 206388 206764 208168 210159 212292 212356 212405 212465 214938 216569 216582 216593 218927 219018 219051 220339 220761 220896 222567 222804 223205 224494 224616 224843 224870 225108 225139 230989 231021 231039 231058 232869 236885 241028 241566 242972 244951 245581 257291 259261 264044 265881 267790 279889 282271 282455 282520 283844
3329195 286561 290140 300975 302747 302925 304801 2991609
3329196 286561 286613 288583 290140 290316 290374 300677 300975 302747 302925 304801 306438 2078634 2991609 3342045 3342163 3350478 3355845
3329197 286561 286613 288583 290140 290316 290374 300677 300975 302747 302925 306438 2078634 2991609 3342045 3350478 3355845
220339 1424
3329198 286561 286613 288583 290140 290316 290374 300677 300975 302747 302925 304801 306438 2078634 2991609 3342045 3342163 3350478 3355845
212149 36857 153079 154868 155547 160988 308674
3329199 286561 286613 288583 290140 290316 290374 300677 300975 302747 302925 304801 306438 2078634 2991609 3342045 3342163 3350478 3355845
3329202 286561 286613 288583 290140 290316 290374 300677 300975 302747 302925 304801 306438 2991609 3342045 3342163 3350478
154808 38795 153084 154810 154811 154812
3329205 286613 288583 290316 290374 302747 2991609 3350478
154810 155546 169304 180054 183669 191852 192381 192410 193748 193934 204245 206167 208080 208168 210159 210429 214952 216259 218576 223205 224616 226604 226695 226897 231021 233011 236885 242972 245581 247238 264044 283844
154811 183752 183991 188395 193788 194320 206388 216572 218707 218927 219057 220600 220620 221079 222567 223091 224644 225108 231021 232869 233058 257748 282455
154812 155546 169146 183752 191734 193786 193788 193794 193804 204039 206789 212405 212465 216582 218576 218707 219057 231039 233058 249830 257748 259261 263481 263706 267790 282271
169146 38795 154867 154869 159263
31934 36825 793826 810593 804803 810810
154815 169414 171401 171496 171653 177815 179950 183991 189916 191715 191829 191914 191970 192350 192381 192418 193774 195938 196203 198307 204039 206167 206536 206789 208080 210159 212614 212726 214893 216749 218309 218354 218576 218667 218729 218802 218810 218906 218919 218927 219018 219051 219100 219132 220627 221079 222567 222571 222612 222729 222799 222804 223188 224532 224616 224734 224843 224870 224910 225108 225139 226695 226897 231021 231034 231039 231058 232869 240893 241028 242972 245539 245619 247046 251821 255771 257291 257748 265881 273628 282271 283844
259261 38795
1047740 286561 286613 288583 290140 290316 290374 300677 300975 302747 302925 304801 306438 3342045 3350478 3355845 2078634 2991609
216259 36857 153083
283844 153084 154871
218309 1424 154867 154869 154871
3355845 3036991 3329167 3329178 3329326
218311 1424
3329224 286561 286613 288583 290140 290316 290374 302747 306438 2078634 2991609 3342163 3350478
31949 36825 804803 804187 810499 793826 804615 812482 793877 810810 806182
208080 36857 153084 154868 154871
154835 171496 171653 179950 191970 192350 195938 196203 206536 214893 218729 218906 219100 219132 222799 226593 231034 245619
154836 171401 192381 206167 219018 222804 265881
193748 38795 153084 160987 163785
244951 153083 153482 159263
160986 38795 153084 155547 160987 160988
160987 169414 171496 198307 206764 214599 221089 222804 226593
160988 163784 206388 208168 212356 216569 216593 222454 222804 224843 230989 231021 245619 279889 282455 282520
273628 38795 153084
793826 26328 28341 28538 28542 30248 30339 30601 31998 34665 36825
191715 38795 153084 245539
3329261 286613 288583 290140 290316 290374 300677 302747 302925 306438 3350478
193774 1424 153083 153084 154867 154871
36079 36825 804674 804803
210159 38795 153084 154871 308674
224494 1424
218354 1424 154867 154869 154871 155547
154867 171401 179950 183640 183752 183991 191734 191970 192418 193786 193788 194320 195941 204039 206789 214893 218586 218667 218729 218802 218810 219051 219057 219100 220627 222567 222571 222733 222799 224734 224843 231034 231039 232869 233058 245619 257748 263481 263706 282271
154868 169414 171496 206388 206671 212726 214599 221089 226593 226675 231034
154869 169414 171401 171496 179950 183991 191734 191970 192418 193786 194320 204039 206789 214893 218576 218667 218729 218802 218810 219051 219057 219100 219132 220627 222567 222571 222799 224734 224843 231034 231039 232869 233058 245619 257748 263481 263706 282271
191734 38795 154871
154871 169414 171401 171496 179950 183991 184131 189916 191829 191914 191970 192350 192381 192418 193786 193788 194320 195938 195941 196203 198307 204039 206167 206789 210429 212614 212726 214893 218576 218667 218729 218802 218810 218822 218861 218906 219018 219034 219051 219100 219132 220627 221079 222567 222571 222612 222729 222799 222804 224532 224734 224843 224910 225108 226675 231034 231039 231058 232869 240893 241028 242972 245619 257748 259642 265881
218356 1424
218359 1424
193786 38795
222454 153084 155547
193788
240893 153084
31998 36825 804803 804186 810499 790461 810593 804674
3329274 286561 286613 288583 290140 290316 290374 302747 302925 306438 2078634 2991609 3342163 3350478
193794 38795
220419 1424 36857
247046 38795 153084
204039
306438 2637479 3329999 3028390 3045167 2333993 3329178 3329167
218377
257291 38795
193804 38795
224532 153083
793877 28341 28538 28542 36237 36238 36825
242972 36857 153083 153084
222496 153083
226593 36857
32035 36825 812482 804187 798576
224548 1424 36857
806182 28538 28542 36825
208168 1424 38795 155547
2333993 286561 286613 288583 290140 290316 290374 300975 302747 302925 304801 2078634 3342045 3342163 3350478 2991609
226604 36857 153084
3329326 286613 290316 290374 2991609 3342163 3350478
3329167 286561 286613 288583 290140 290316 290374 300677 300975 302747 302925 304801 2078634 2991609 3342045 3342163 3350478
263481 38795 153084 159263
212292 36857 153084
193864 1424
279889 1424 36857 155547
191829
236885 38795 155547
206167 38795 153084
169304 38795 153084
183640 1424
804186 26328 28379 30248 30259 30421 30449 36237 36238 36825
804187 24575 28379 28646 30248 30512 36825
290140 3036991 3028390 3329178
195938 36857 155547
195941 1424 38795
222567 1424 36857 155547
224616 38795 153084
3329178 286561 286613 288583 290316 290374 300975 302747 304801 2991609 3342045 3342163
222571 1424
191852 36857 153084
226675 36857 153079 153322
183669 36857 153084
212356 1424 36857 155547
224644 38795 153084
241028 38795 153084
226695 36857
171401 1424 38795 153482 155547
36237 36825 810593 790461 804674 804615
36238 36825 804614 804674 810593 810499 790461
193934 36857 38795 153084
1424 175525 179950 183931 183991 188395 191970 194177 194320 206388 214599 214692 214893 214938 216572 217007 218586 218667 218702 218729 218802 218810 218895 218906 219100 220627 220896 221079 222732 222799 222974 223091 223205 224843 225140 230989 231058 245619 264044 277950
222612
28069 36825 810499 812482 804674
175525
232869 38795
259493 36857 153079 153083 153084
3028390 286561 286613 288583 290316 290374 300975 302747 304801 2991609 3342163 3350478
191914 36857 153084
212405
220600 153084
277950 155547
308674 169414 171496 222733
812482 24575 28646 36825
169414 36857 153079 153322 153482 155547
247238 36857 153083 153084 153482
183752 38795 153084
220620 36857
218576 38795
220627
204245 36857 153083 153084
218586 153084
189916 38795 153084
224734 36857 38795
191970 153084
171496 36857 153079 153084 153482 155547
212465 38795
153079 183931 192418 206388 216569 216572 219051 225140 233011 259642
216569 38795 153083 153084
2991609 3036991
153083 177767 177815 190018 192381 194177 196231 210429 216572 216749 218861 218927 223188 224870 225139 241566 245539 255771
153084 163784 177767 177815 180054 182087 183931 188395 190018 192381 192410 196231 206764 210429 212726 214692 214952 216593 216749 218919 218927 219018 222804 223188 223205 224870 225108 225139 225140 231021 231034 231039 231058 233011 241566 245539 245581 255771 267790 282520
210429
216572 36857 155547
812541 28542 34665
810499 28341 28379 28538 28542 34665 36825
267780 36857
216582
222729
222732
222733 159263
267790 38795
290316 2637479 3036991 3045167 3329999
216593 36857 155547
263706 38795
159263 219051 223091
30248 36825 804615 790461
218667 36857
30259 36825 804615 804614 810593
206388 36857 153322 153482 155547
233011 36857
259642 36857
190018 36857
290374 3036991 3329999 2637479 3045167
214599 36857 153322 155547
224843 38795
230989 36857 155547
218702
222799
226897 36857 38795
218707
222804 38795 153322 153482 163785
220761 36857
810593 28379 30512
233058 38795
224870 36857
177767 36857 38795
218729
196203 36857 155547
231021 36857 38795 153322
231034 36857 153322
183931 36857 155547
231039 38795
194177 155547
30339 36825 790461 804674 804615
171653 36857
212614
196231 38795
300677 3329999
224910
231058
177815 36857
265881 38795
302747 3036991 3329999 3045167 2637479
282271 38795 163785
304801 3045167 3036991
198307 153322 153482
214692
2637479 286613 3342163
216749
218802
28341 36825 804614 804803 810810
183991
218810
218822 36857 38795
206536 36857
257748 163785
30421 36825 804615 804614 790461 804674
26328 36825 790461 804615 804674
28379 36825 790461 804615
3342045 3036991
220896
153322 206764 212726
218861 36857 38795
179950 38795
30449 36825 804615
212726 36857
222974 36857
804614 24575 28538 30601 36825
804615 24575 28538 28542 30601 34665 36825
175884 36857
218895
194320
218906
255771 36857
245539 38795
218919 36857
218927 36857
30512 36825 810810
3045167 286561 286613 288583
810810 28538 28646 36825
3036991 286561 286613 288583 2078634 3342163 3350478
804674 24575 28538 28542 36825
184131
182087 36857
288583 3329999
245581 36857 38795
302925
206671 36857 153482
3342163
225108 36857 38795
180054 36857
282455 36857 38795 155547
192350 36857 155547
286561
34665 36825 798576
264044 36857 155547
214893 36857
798576 28538 28542 28646 36825
223091
225139
225140 155547
245619 36857
28538 36825
192381
28542 36825 790461 804803
30601 36825 790461
153482 206764
38795 155546 163784 192410 206789 214952 219018 219057 223188 241566 249830 206764
219018
286613 3329999
221079
282520 36857 155547
155546 155547
155547 188395 206764 214938 214952 219051 219100
192410 163785
214938
219034 36857
241566
221089 36857
192418
214952 36857
2078634
219051 163785
206764 36857
251821 36857
217007
300975
219057
790461 36825
804803
206789 163785
163784 163785
163785
3350478
3329999
223188 36857
36825 24575 28646
219100
223205 36857
28646
249830
188395
36857 219132
219132
24575
