#/Users/tobiasbreuer/Desktop/E&OR/Building and Mining Knowledge Graphs/Project/ProjectCode/src/runner.py
# GMT Mon Mar 13 16:06:08 2023
# 
29700 6035 7060 27333 35412 36825
5 6610 11823 12463 15037 27233 27967
9 9046 11880 12484 6168 6245
36877 6534 6773 14153 14803 14829 27902 27910 28138 28450 28492 41874 44445 45661 46986 52684 56831 67151 73688
23 7059 8924 26089 26673 27549 27977 28413
6168 5951 6169 36825 35412
6169 26578 27872 27927 14598
29217 185 8699 10463 36825 35412
11823 36851 36825 35412 27334
27695 27333 36826 35412 36841 36825
26673 203 6035 7060 36825 27333 35412
27186 5951 6016 35412 27333 36825
26675 6035 7060 27333 36825 35412
26164 6328 27333 36825 35412 36826
36918 6534 6773 27910 28138 28450 28492 41856 41874 44445 46986 67151 73688 79786
7738 12484 13619 26578 27037 27596 28572 28850 28901 14803 29688
36935 6534 14153 27902 28138 41856 41874 46986 47021 47441 56831 67151
47180 27333 27334 33412 35412 37101
67151 27333 36826
29267 27333 27334 36826 37306 35412
35412 6534 6610 6773 7059 8892 8924 9021 9046 9670 11880 11959 12171 12463 13293 13597 13727 14430 14598 14829 15037 25960 25961 25962 26013 26089 26253 26287 26578 26594 26764 26903 27233 27379 27422 27549 27554 27585 27639 27749 27783 27816 27872 27927 27952 27967 28138 28413 28450 28572 28899 28901 28944 28979 29133 39281 39402 41856 42208 42465 44445 44923 45661 46986 47021 47441 56831 65984 66934 73688
45661 27333 36825 36841
14430 27333 36826 33412 27334
27233 5951 13575 36825
6245 6016 6035 36825 27333
27749 6035 27333 36826 36825 36851
11880 27333 36825 27334
7273 27333 36826 36841 36852 36825
6773 6535 27333 27334 36826 37306
126 10467 11078 13533 16797 28649
33412 6534 15069 39281 42465 47441 66934
27783 27333 36826 36825 36841
26764 6035 36825 27333 37306
26253 6035 7060 36826 27333 36825
10915 11078 12171 13619 27611 13533 16797
27816 27333 27334 36826 37306 36825
12463 6328 36825 27333
26287 6035 7060 36825 36826 27333
28850 5951 8893 36852 36825
11959 7060 37101 36825 36826
6328 13727 15069 26594
185 28899 28944 28979 16797
8892 6035 8893 27333 36825
8893 25960 25961 25962 29688
15037 27333 36825 36826
7360 11078 12171 28649 13533 16797
12484 5965 36825 36852
27333 6534 7059 8629 9021 13597 13727 14829 15069 26013 26019 26594 26903 39402 41856 42208 42465 44923 27379 27422 27549 27554 27585 27611 47441 27639 27902 27910 52684 27952 27977 55601 56831 28413 28492 65984 66934 29133 79786
27334 6534 9046 13727 15069 26019 26903 39281 41856 42208 42465 44923 27422 47441 27910 27977 55601 28492 66934 79786
203 11078 12171 28649 13533 16797
8924 7060 36851 36825
13533 12172 36825
15069 36826
10463 27422 28899 28944 28979
27872 5951 13575 36825
42208 36851 37306
10467 5965 9611 36841 36825
28899 8699 36825
28901 5951 36825 36852
37101 27977 39402 44923
27379 6035 7060 36825
28413 6035 7060 36825
27902 6535 36826
14598 5951 13575 36825
13575 13597 27927
27910 6535 36826
28944 8699 36825 36841
26903 36826 36825
27927 5951 36825
13597 5951 6035 37306 36825
27422 36825
28450 6535 36826
27952 36825 36826 36851
55601 36841 36851 36852
13619 5951 8699 36825
28979 8699 36825
9021 6035 36825 36841
5951 13293 25960 25961 25962 27037 27596 29688
27967 36825 36826 36851
11078 36825 36826
14153 36825 36841 36852
27977 36826
28492 36826
5965 8629 9046 13293
47441 36826
9046 36826 36825
25960 9611 36825
25961 9611 36825
25962 9611 36825
39281 36825 36826
37237 6534 41856 41874 46986 47021 56831 79786
66934 36825 36826
44923 36825
6016 26019 6534 8629 27554 27585 13727
41856 36826
6534 6535 37306 36825 36826
6535
46986 36826
9611 28649
12171 12172
12172 26089 27611 16797
41874 36826
6035 7059 26013 8629 27549 27554 27585 27639 29133
7059 7060 36825
7060 26013 27549 27585 27639 29133
28572 36826 36852 36825
16797
26013 36825
13727
27037 36826 36825 36852
27549 36825
27554 36826
26019 36825 36826
44445 36825 36826
79786 36826
47021 36825 36841 37306
8629 36825
37306 14829 39402 52684 56831 65984 73688
65984 36826 36841
27585
9670 36841 36826 36852 36825
27596 36826 36852 36825
29133 36825
52684 36825 36826
6610 36826 36825 36851
14803 8699 36852 36825
26578 36825 36852
73688 36826
36825 13293 26089 26594 27611 27639 28649 29688 42465 56831
36826 14829 26089 28138 39402 42465 56831
27611 36841
42465
26594 36852
26089
28138
28649
36841 13293
13293
14829
39402
36851
36852 27639 29688
27639
29688
8699
56831
