#/Users/alinabilokonieva/PycharmProjects/bmkgproject/src/runner.py
# GMT Thu Mar 16 04:42:00 2023
# 
161792 36888 38795 153922 153930 154448 154449 154451 154452 154453 154760 154772 154773 154799 154811 154812 154815 154867 154869 154871 155865 155866 155986 156458 156493 156841 157999 160262 161794
161794 168467 170867 175884 184131 189916 192418 193794 199722 203624 207969 209019 213742 217220 217728 217772 217847 218000 218309 218354 218729 218802 218810 219051 219573 219714 220166 220231 220331 220627 221362 221424 221782 222454 222496 222571 222612 222974 223556 223993 224419 226363 233011 236885 249830 258128 263279 264044 273129 283181
221194 1424 36888 153922 154447 154452 154453 154750 154760 154772 154775 154776 155760 156080 311520
198667 729 36888 38795 153084 153922 153924 153929 153930 154447 154733 154771 154798 154799 154810 154811 154815 155983 155987 156493 157999 278773
20 3329205 3329202 3329274 3329178 3329326 2888139 1096267 3332740 3329224 3329199 1047740 3330665 270565 3329261 3329172 3329167 3329198 2637479 3329196 3034227 3045167 2333993 3028390 3041578 3036991
36888 154768 155546 155982 156331 156492 158007 158473 160175 160261 160986 162070 163784 163928 163932 166284 166354 166847 168410 168423 168966 168969 169414 170867 170942 171401 171496 171653 175195 175525 175884 176302 177767 178984 179950 180054 180948 181023 181291 181363 182549 183191 183217 183407 183418 183669 183752 183931 183991 184131 184494 184546 185143 185153 185209 185479 186552 188447 188801 189533 189604 189916 190018 191627 191914 191970 192350 192381 192418 192617 193127 193218 193505 193774 193788 193804 193864 194732 194758 195058 195368 195538 195542 195938 195941 196203 196758 197493 197690 199154 199692 199722 200754 201075 203466 203469 203624 203717 203757 204039 205632 205980 205981 205982 206167 206388 206536 206764 206789 207969 208168 209018 209019 210001 210092 210159 211358 212109 212149 212292 212405 212614 212726 213069 213389 214120 214893 214952 215218 215239 215891 216569 216572 216582 216749 217007 217220 217556 217728 217739 217772 217798 217847 217873 218000 218004 218100 218101 218191 218279 218309 218354 218356 218377 218576 218667 218729 218802 218810 218822 218927 219018 219034 219051 219100 219167 219248 219316 219381 219403 219430 219442 219517 219573 219714 219815 219973 220175 220231 220246 220339 220419 220627 220896 221079 221310 221424 221543 221782 222229 222454 222496 222567 222571 222612 222732 222733 222804 222974 223205 223265 223345 223514 223820 223855 223993 224200 224276 224331 224419 224532 224548 224734 224843 224870 224910 225414 226024 226363 226593 226675 226695 226897 227385 227428 228089 228337 230223 230245 230254 230307 230312 230313 230315 230316 230324 230349 230989 231021 231034 231039 231058 231837 233011 233058 235599 236063 236450 236885 241028 242797 245581 245619 245874 245978 247046 247238 248552 248613 249830 251821 254787 257748 258128 258355 258763 258946 259163 259261 259642 260321 262872 263279 263413 263481 264711 265881 267509 267790 268359 271400 272992 273129 152090 278773 281144 281239 282271 282795 282808 283118 283167 283181 283725 283773 283774 283791 283844 159822 168620 170849 184392 190657 201843 205986 208080 214599 214938 216593 225108 230228 230250 230290 232869 240893 242972 248275 262378 264044 278930 282520 36889
36889 156492 160261 162070 163784 179950 185209 188447 199722 203466 206789 211358 213389 226024 226363 226897 227428 247238 265881 283844
188447 38795 153922 154449 154452 154453 154760 154769 154773 154812 154867 154869 156458 307754
219167 153084 153699 153922 154447 154452 154453 154750 154760 154799 154815 154867 154869 154871 155983 155985 155986 155987 156080 307754
223265 36857 153079 153083 153084 153482 153919 153922 154450 154750 154760 154771 154799 154868 156028 160262 160473 160987 205980 308674
200754 729 36857 38795 153083 153084 153699 153922 154479 154733 154771 154775 154798 154810 154811 156028
227385 729 36857 38795 153084 153922 153924 154447 154449 154452 154771 154798 154799 154810 155760 156028
58 3329205 3329188 2930839 3329178 3329274 2637479 3329195 3028390 3329167 3329224 3329197 3332740 3330665 1096267 2333993 2888139 3329172 3330762 3329198 1047740 3036991 3034227 3031648 3045167 3329199 3329196
184378 36857 38795 153084 153922 153924 154447 154451 154452 154453 154750 154775 154799 155547 156028 160988
268359 153322 153482 153922 154450 154760 154772 154835 154868 154869 154871 155986 160473 160987 308674
184392 1424 153922 154447 154448 154452 154453 154750 154760 154772 154799 155547 156817 158474 307754
213069 729 38795 153084 153482 153922 153930 154450 154452 154760 154798 154815 154869 154871 155986 156493 156841 157999 160262 160987
159822 36857 153083 153699 153919 153922 154447 154450 154750 154760 154772 154815 154835 154836 154868 154869 154871 155547 155984 155985 155986 156028 308674 231837
235599 1424 153922 154447 154449 154450 154452 154453 154750 154760 154799 155547 156080 156841
258128 153922 153930 154447 154449 154452 154453 154760 154773 154812 154867 154869 154871 155986 156841
163928 1424 153084 153922 154447 154448 154449 154452 154750 154774 154775 154799 155547 155760 156028 160988
163932 38795 153922 153930 154449 154452 154453 154760 154769 154772 154773 154812 154867 156458 157999
153699 155546 155982 158007 166354 175884 177767 180054 180948 184546 185153 189604 189916 191914 192350 193127 193774 193794 195190 195538 195542 196758 197690 199154 203717 203757 205632 205982 208080 211358 213389 213796 216569 216593 217220 218004 218191 218667 218927 219442 219815 221310 221362 221543 223345 223855 225414 226024 226695 227428 231039 231837 233011 236450 240893 245978 247046 254787 258355 258763 259493 262378 262872 277950 278773 283773 283844
227428 729 38795 153084 153922 153929 153930 154479 154733 154771 154815 155983
192617 36857 153083 153924 154448 154452 154774 154775 154871 155983 155984 155985 155986 155987
155760 166102 166947 168423 168467 171653 175884 176302 180054 181363 183931 186552 189533 190018 190657 191914 192418 194732 194758 195190 195538 195542 196758 197690 199692 201075 203469 206388 208080 212109 212614 213389 213742 214692 214952 215891 216572 216593 217248 217847 217873 218101 218191 218377 218802 218810 219381 219442 219815 219973 220166 220896 221310 221424 222229 222496 222567 222799 222974 223205 223514 224548 224870 225414 226695 228089 230179 230223 230228 230250 230989 233011 236063 245619 248275 250554 251821 258763 259493 259642 262378 264044 271400 277950 279889 281144 283581
219248 1424 153922 154447 154451 154452 154453 154760 154815 154867 154869 154871 155983 155984 155985 155986 155987
223345 729 36857 153083 153084 153922 153924 153929 153930 154479 154733 154771 154798 154799 154815 156028
245874 729 1424 36857 38795 153922 154447 154452 154453 154775 154798 154799 154810 154815 154867 154869 154871 155983 155984 155985 155986 155987 308674
209018 729 36857 38795 153084 153929 153930 154449 154450 154479 154733 154771 154799 156028
209019 153922 154452 154453 154760 154771 154773 154815 154871 155983 155984 155985 155986 155987
221310 729 36857 153083 153084 153922 154771 154775 154776 154798 154799 154810 156028
217220 154447 154452 154773 154774 154775 154871 155983 155984 155985 155986 155987
225414 729 1424 36857 153084 153922 154447 154449 154452 154453 154750 154760 154772 154774 154775 154776 154810 156028 178984 308674
3344525 270565 1047740 1096267 2333993 2637479 2888139 2930839 3028390 3031648 3034227 3036991 3041578 3045167 3329167 3329172 3329178 3329188 3329195 3329196 3329197 3329198 3329199 3329202 3329205 3329224 3329261 3329274 3329326 3330665 3332740
196758 1424 36857 153922 153924 154447 154452 154773 154774 154775 154799 156028
2930839 286613 288583 290316 290374 301212 302747 302925 304287 306156 306438 3353066 3355259 3361901 2991609
301212 270565 3329188 3329199 2333993 3329178 3329274 3329196 3329198 3041578 3329172 3329197 3330665 3329202 3329167 3036991 3329326 3034227 2888139 3329224 1047740
157 2637479 3329198 3329167 3329274 3330762 3329197 3329188 3329261 3330665 1096267 270565 3028390 3329326 3329224 3045167 2888139 3329205 3329172 3036991 1047740 2333993 3329195 3329196 3332740 3329199 3041578 3034227
217248 153083 153084 153922 153930 154447 154452 154760 154771 154774 154775 154776 154815 154871 155983 155984 155985 155986 155987 156028
282795 38795 153084 153922 153924 153929 154447 154449 154452 154453 154479 154733 154771 154773 154798 154810 156841
194732 36857 153079 153922 154449 154450 154452 154771 154774 154775 154776 154798 156028 160262 160987
176302 729 36857 153083 153084 153922 154447 154452 154750 154771 154774 154775 154776 154798 154799 154810 156028 160988
184494 2321 153084 153922 154448 154452 154453 154798 154799 154815 154871 155983 155984 155985 155986 155987 156494
221362 1424 153079 153084 153922 154447 154448 154450 154452 154453 154750 154760 154773 154774 154775 154776 154799 155547 160988
215218 38795 153922 153924 154447 154448 154452 154453 154750 154760 154772 154799 154810 154815 154867 154869 154871 155547 155983 155984 155985 155986 155987 156493 156494 158474 160262 160988
219316 153922 154452 154760 154771 154772 154815 154871 155983 155984 155985 155986 155987 156494
186552 729 36857 38795 153083 153084 153919 153922 153924 153929 154447 154452 154453 154769 154771 154774 154775 154798 154799 154810 156028 156494 156817 158474
282808 153922 154447 154452 154453 154750 154799 154811 154812 154815 154867 154869 154871 155983 155986 156080 156493
305336 270565 3329224 2333993 3329199 1047740 3329196 3041578 3330762 3329178 1096267 3329202 3329167 3329326 3034227 3329172 3329188 3329197 3329274
221376 1424 153079 153922 154447 154449 154450 154452 154453 154750 154775 154799 155547 158474 160988
190657 729 36857 153922 154479 154733 154771 154775 154776 154811 154815 156028 156493 158166
194758 729 36857 153930 154447 154448 154449 154452 154479 154733 154771 154774 154775 154776 154815 154871 155983 155984 155985 155986 155987 156028
215239 36857 38795 153922 153924 154447 154452 154811 154815 154867 154871 155983 155986 155987 156080 308674
166102 1424 36857 153922 154447 154452 154453 154750 154760 154774 154775 154799 154811 155547 156028 158166 160988
155865 160261 166847 168620 169414 171401 181291 183418 193218 193788 193794 198307 199692 207969 212149 217728 219051 219611 222804 230223 230312 230324 248552 259261 263279 282271
155866 168969 170942 181023 181291 183418 198307 205980 212149 226675 230290 259261 273129 278930
245978 729 36857 153922 153924 154447 154452 154453 154750 154774 154775 154798 154799 154810 155547 156028 160988 182551
303324 270565 3329202 3028390 3330665 3045167 3329167 3329274 1047740 3329224 3329197 3329198 3329326 3036991 3329205 3329172 3329261 3329196 3034227 3329188 3329195 2333993 3041578 3329178 1096267 2637479 3330762 2888139 3332740
311520 170942 175525 193864 196203 206388 206536 207969 214120 214599 217007 218354 218356 219715 220166 220246 221079 222229 224276 226593 228337 242797
260321 38795 153922 153924 154447 154452 154453 154750 154760 154799 154811 155547 156494 156817 156841 158474 160473 307754
184546 36857 153083 153084 153924 154447 154452 154771 154815 155547 156028 156817 158474
270565 286561 300677 286613 290316 300975 3342045 3342163 306438 3350478 302747 3353066 302925 287868 303335 3361901 288583 304287 304801 290374 2991609 290140
303335 1096267 3329198 3329196 3329167 2333993 1047740 3329199 3036991 3329202 3330762 3329326 3041578 2888139
262378 729 153083 153084 153919 153922 154447 154452 154760 154771 154774 154775
221424 1424 36857 153922 154447 154452 154453 154750 154760 154769 154772 154773 154774 154775 154776 154799 155547 156028 307754
219381 729 36857 38795 153084 153922 154450 154451 154452 154775 154776 154798 156028
278773 729 36857 38795 153083 153084 153922 153929 153930 154449 154452 154479 154733 154771 154774 154775 154798 154811 154815 154871 155983 155984 155987 156493
219403 729 1424 153084 153922 154447 154450 154451 154452 154453 154750 154760 154769 154799 154810 155547 156841 160473 160988 182551
2321 160986 162070 168423 170849 189916 203717 205632 206764 212614 213742 218004 219100 223993 224548 259642 265881
182549 38795 153922 153930 154448 154449 154451 154452 154453 154760 154772 154799 154811 154812 154867 154869 154871 155986 156493 156817 156841 158474 182551
162070 1424 153084 153922 154447 154452 154798 154799 154815 154871 155983 155985 155986
182551 191115 192381 193505 205986 206789 212405 217728 218008 218377 222229 222454 222732 222733 224734 230254 230324 249830 250554
223514 1424 153084 153922 154447 154448 154452 154453 154750 154760 154773 154774 154775 154799 154811 154815 154835 154867 154869 154871 155983 155984 155985 155986 155987 156493 163785 307754
219430 153084 153922 154448 154449 154452 154453 154811 154812 154867 154869 154871 156493 307754
3041578 287868 288583 289490 290140 290316 290374 302747 304287 306156 3342045 3350478 3355259
157999 163784 168620 181023 185209 185479 197493 198307 205986 212292 222804 223855 230290 263481 273129 278930
219442 729 36857 153079 153084 153922 153924 154447 154449 154450 154452 154750 154771 154774 154775 154799 156028
258355 729 1424 36857 153922 153924 154449 154452 154453 154479 154733 154771 154774 154775 154799 154810 155547 156028 156080
158007 729 1424 38795 153084 153922 153929 153930 154447 154452 154453 154773 154811 154812 154867
153919 171653 180054 183931 192418 195190 196203 205982 213389 214120 214952 219815 222229 222496 222567 223205 224331 224548 230179 230228 230250 245619 250554 259642 271400
153922 152090 154768 155546 155982 156331 156492 158473 160175 160261 160986 163784 166284 166847 166947 168410 168423 168467 168573 168620 168966 168969 169414 170849 170867 170942 171401 171496 175195 175525 177767 178984 180054 180948 181023 181291 181363 183191 183217 183407 183418 183669 183752 183931 183991 184131 185143 185209 185479 188801 189604 191115 191970 192350 192381 192418 193127 193218 193505 193774 193788 193794 193804 193864 194177 195190 195542 195941 197493 197690 198307 199154 199692 199722 201075 201843 203466 203469 203624 203717 203757 204039 205632 205980 205982 205986 206167 206388 206536 206764 206789 207969 208080 208168 210001 210159 211358 212149 212292 212356 212405 212726 213389 213742 213796 214120 214599 214692 214893 214938 214952 215891 216569 216572 216582 216593 216749 217007 217728 217739 217772 217798 217847 217873 218000 218008 218100 218101 218279 218309 218354 218356 218377 218576 218802 218810 218927 219018 219051 219517 219573 219611 219714 219715 219973 220166 220175 220231 220246 220331 220339 220419 220627 220896 221079 221543 222229 222454 222496 222567 222571 222612 222732 222733 222799 222804 223205 223556 223820 223855 223993 224276 224331 224419 224532 224734 224843 225108 225140 226024 226363 226593 226675 226695 226897 228337 230179 230223 230228 230245 230254 230290 230307 230312 230313 230315 230316 230324 230349 230989 231021 231034 231039 231058 232869 233011 233058 236063 236885 240893 242797 242972 245581 247046 247238 248275 248613 249830 254787 257748 258763 258946 259163 259261 259493 262872 263279 263413 263481 264044 264711 265881 267509 267790 272992 273129 277950 278930 279889 281144 281239 282271 282455 282520 283118 283167 283181 283581 283725 283774 283791 283844 230250
153924 152090 166354 168573 168966 169414 171496 177767 178984 180054 180948 183669 191627 192381 195538 195542 197690 199692 205980 205982 206388 208080 210159 212109 212356 213389 214599 214692 214952 217798 217873 218576 219973 223205 223993 226024 226675 226897 230290 231021 231034 233011 236063 242972 248275 248552 258763 259163 259642 262872 263413 281144 282520 283181
223556 38795 153930 154447 154449 154452 154453 154750 154773 154799 154812 154815 154867 154869 154871 155983 155985 155986 156841
153929 155982 160175 166847 168966 177767 183217 183669 183752 189604 192381 193127 199154 203757 206167 210001 210159 213389 214952 216749 219815 221782 223855 224331 226024 226897 228089 231021 231058 242972 245581 247046 247238 248613 254787 259163 267790 272992 281144 283725
153930 152090 155982 156331 160175 160261 166847 168620 171401 179950 180948 181023 181291 183418 183752 185209 193127 193218 193774 195941 201843 203757 204039 206167 206789 207969 210001 210159 213389 217728 218101 218802 218810 219051 219815 221543 222229 223855 224331 224870 224910 225108 226363 228089 230290 230312 230324 230349 231039 233058 236450 241028 247046 248613 251821 254787 263413 264711 267509 272992 278930 282271 283725 283773 283791
155982 729 1424 36857 38795 153083 153084 154449 154452 154479 154733 154771 154798 154799 154815 154871 155983 155984 155985 155986 155987
155983 152090 156331 156492 160175 166284 168423 168467 168573 168620 170849 171401 175195 180948 183418 183991 184131 185143 185153 185209 188801 189533 189916 191115 191627 191914 191970 192381 192418 193774 195058 195368 195538 195941 198307 201843 203466 203469 203624 203717 203757 204039 205981 205986 206167 206789 208080 210001 210092 210159 212109 212614 213389 214893 216749 217556 217739 218000 218004 218008 218100 218101 218309 218354 218576 218667 218729 218802 218810 218822 218927 219018 219034 219051 219100 219517 219611 219714 219715 219815 219973 220175 220231 220627 221079 221543 221782 222229 222567 222571 222612 222799 222804 223855 223993 224200 224331 224419 224532 224734 224843 224870 224910 225108 226363 226695 230223 230324 231039 231058 232869 240893 241028 242972 245619 247046 248613 251821 254787 257748 258946 259642 263279 263413 264711 265881 267509 271400 273129 283118 283181 283773 283844
155984 166284 166354 168423 168467 168573 169414 170849 171496 171653 184131 185143 188801 189533 191115 192350 192381 192418 195368 195538 195938 196203 197690 203466 204039 205981 206536 208080 210092 210159 212109 212614 212726 214120 214893 215891 217556 218100 218101 218354 218802 218810 218822 219034 219051 219517 219611 219715 219973 220627 221543 221782 222229 222567 222612 222799 223820 223993 224200 224276 224419 224532 224734 224843 225108 226363 226593 228337 230223 231034 231058 231837 240893 242972 245619 258946 263279 263413 267509 271400 283181
155985 156331 166284 166354 168423 168467 168573 169414 170849 171401 171496 171653 175195 180948 183418 183991 184131 185143 185209 188801 189916 191115 191627 191970 192350 192381 192418 193774 195058 195368 195538 195938 196203 197690 198307 201843 203466 203469 204039 205981 206167 206536 208080 210092 210159 212109 212614 212726 214120 214893 217556 217739 218008 218100 218101 218354 218802 218810 218822 219018 219034 219051 219100 219517 219611 219715 219973 220627 221543 221782 222229 222567 222571 222612 222799 222804 223820 223855 223993 224200 224276 224419 224532 224734 224843 224910 225108 226363 226593 226675 228337 230223 230324 231034 231039 231058 231837 240893 242972 245619 248552 258946 263279 263413 264711 265881 267509 271400 273129 282271 283118 283181 283773 283844
155986 152090 156331 156492 160261 166284 166354 168423 168467 168573 168620 169414 170849 170942 171401 171496 171653 175195 179950 181023 181291 183418 183991 184131 185143 185209 188801 189916 191115 191627 191970 192350 192381 192418 193218 193774 195058 195368 195538 195938 195941 196203 197690 198307 199722 201843 203466 203469 203624 204039 205981 205986 206167 206536 206789 208080 210092 210159 211358 212109 212614 212726 214120 214893 217556 217728 217739 218000 218004 218008 218100 218101 218309 218354 218576 218667 218729 218802 218810 218822 219018 219034 219051 219100 219517 219611 219714 219715 219973 220231 220331 220627 221543 221782 222229 222567 222571 222612 222799 222804 223820 223855 223993 224200 224276 224419 224532 224734 224843 224910 225108 226363 226593 226675 228337 230223 230312 230315 230324 230349 231034 231039 231058 231837 240893 242972 245619 248552 257748 258946 263279 263413 264711 265881 267509 271400 273129 282271 283118 283167 283181 283773 283844
155987 152090 160175 166284 168423 168467 168573 169414 170849 171401 180948 183991 184131 185143 185153 188801 189533 191115 191914 191970 192381 192418 195058 195538 197690 203466 203469 203717 204039 205981 208080 210001 210092 210159 212109 212614 213389 214893 216749 217556 218008 218100 218101 218354 218667 218802 218810 218822 218927 219034 219051 219100 219517 219611 219715 219815 219973 220627 221079 221543 221782 222229 222567 222612 222799 223993 224200 224331 224419 224532 224734 224843 224870 225108 226363 226695 230223 230228 231058 232869 240893 242972 245619 251821 254787 258946 259642 263279 263413 264711 267509 271400 283181
221543 153084 154447 154448 154449 154450 154452 154453 154750 154760 154771 154773 154811 154815 154867 154871 156080 156493 156494 307754
201075 1424 154447 154448 154452 154453 154750 154760 154772 154775 154799 156817 158474 308674
156028 152090 166284 166354 168410 169414 171496 171653 175525 175884 181363 183931 188395 189604 190018 191914 192350 192418 193127 195190 195542 195938 196203 199692 205982 206388 206536 208080 212109 212149 212292 212356 213389 213742 214120 214692 214893 214952 216569 216572 216593 217007 217772 217847 217873 218101 218191 218279 218377 219034 219815 220166 220419 222229 222496 222567 223820 223993 224331 224548 224870 225140 226024 226593 226675 226695 226897 228089 228337 230179 230223 230228 230250 230989 231034 231837 233011 236450 248275 251821 259642 263279 264044 277950 279889 281144 282455 282520 283581
219517 36857 153083 153084 154452 154775 154810 154815 154871 155547
188801 154452 154453 154750 154815 154867 154869 154871
166284 729 36857 153084 154450 154771 154775 154815 154835 154836 154871
213389 729 36857 153084 154449 154452 154771 154775 154798 154799 154815 154871
278930 38795 154449 154451 154452 154453 154760 154798 154812 156458 160262
231837 36857 153084 154771 154815 154835 154836 154871
211358 38795 154447 154448 154449 154451 154452 154453 154760 154812 154815 154867 154869 154871
160175 729 36857 38795 153084 154447 154450 154479 154733 154771 154798 154799 154815 154871
156080 168423 168620 183931 183991 189533 190018 191970 193505 199692 199722 203624 206789 216582 217728 218354 219034 219714 219715 220339 221079 222567 222974 225140 230315 230324 245619 263413 279889 282455
219573 38795 153083 154447 154452 154453 154750 154760 154772 154773 154811 160754
2888139 286561 286613 287868 288583 289490 290140 290316 290374 300677 300975 302747 302925 304287 304801 306156 306438 3342045 3342163 3350478 3355259 3361901 2991609
166354 36857 153083 154750 154815 154835 154869 154871
248275 1424 36857 153084 154447 154452 154453 154750 154760 154774 154775 154799 155547 160754 160988
217556 36857 154452 154479 154771 154774 154775 154871 156817 158474
158166 188395 195542 206388 218927 220896 222567 223205 224200 230228 236063 250554 258763 281144
168410 1424 36857 153084 154447 154450 154452 154453 154750 154774 154775 154799
219611 153084 154447 154450 154451 154452 154453 154750 154760 154799 154815 154867 154869 154871 155547 156458 156817 156841 158474 160262 163785
168423 1424 154447 154452 154453 154760 154773 154775 154776 154811 154815 154867 154869 154871 156493 156841 158474
3353066 1047740 2637479 3028390 3031648 3034227 3329167 3329172 3329188 3329196 3329197 3329198 3329199 3329202 3329205 3329224 3329274 3332740
283118 154447 154449 154452 154453 154750 154760 154769 154773 154812 154815 154867 154869 154871
195058 1424 153084 154447 154452 154479 154733 154771 154815 154871
199154 729 1424 38795 153084 154447 154452 154453 154750 154798 154799 154811
160261 38795 154447 154449 154451 154452 154453 154772 154799 154811 154812 154867 154869 154871 156493 156841 160262
160262 160986 163784 166847 168620 168969 170867 170942 171401 181023 181291 183418 185479 193218 193794 198307 205980 205986 206764 206789 208168 212149 214120 217728 219051 220175 222804 223855 224276 226675 230223 230245 230290 230315 230324 231021 259261 273129
264711 1424 38795 153083 153084 154447 154449 154451 154452 154453 154760 154771 154799 154812 154815 154867 154869 154871 156493
168467 154447 154452 154760 154771 154773 154775 154815 154836 154871 160754
152090 729 36857 154452 160754 154798 154815 154810 154771 154871
236063 36857 153083 153084 154447 154452 154453 154775 154776 154798 154811
283167 38795 154447 154451 154452 154453 154760 154812 154815 154867 154869 154871
307754 158473 166947 168573 168620 168969 171401 175525 181363 183191 183418 183931 183991 191115 191970 192350 193774 193794 193864 194177 195938 197493 199692 204039 205986 206536 207969 208168 212405 214120 214938 216572 217007 218008 218101 218354 218356 219051 220231 220339 222229 222454 222567 222732 224734 224843 225140 230179 230223 230228 230245 230250 230307 230313 230316 230324 230989 236885 242797 257748 259261 263279 263413 264044 277950 279889 281239 282455
283181 36857 153083 153084 154447 154452 154771 154775 154798 154815 154871 160754
281144 36857 153084 154452 154771 154774 154775 154798 154811
219714 1424 154447 154448 154452 154453 154760 154771 154815 154867 154869 154871
219715 1424 154447 154452 154453 154750 154760 154811 154815 154835 154867 154869 154871
1096267 286561 286613 287868 288583 289490 290140 290316 290374 302747 304287 304801 306156 306438 3350478 3355259
223820 154447 154750 154760 154772 154815 154835 154868 154871 160473
221782 1424 36857 38795 153083 153084 154452 154773 154775 154811 154815 154871
272992 729 38795 153084 154447 154479 154733 154771 154798 154799 154815
3031648 286613 287868 288583 290140 290316 290374 300677 302747 304287 306156 3355259
193127 729 36857 153084 153322 154449 154479 154733 154771 154799 154815
3330665 286613 287868 288583 289490 290140 290316 290374 302747 302925 304287 306156 306438 2991609 3350478 3355259 3361901
223855 154448 154449 154452 154453 154769 154771 154798 154810 154815 154871 156458 156494 156841
195190 1424 36857 153084 154447 154452 154750 154775 154776 154799 155547 160988
3355259 1047740 2333993 2637479 3028390 3034227 3036991 3045167 3329167 3329172 3329178 3329188 3329195 3329197 3329199 3329202 3329205 3329224 3329261 3329274 3329326 3330762 3332740
168573 36857 153084 154447 154452 154750 154760 154775 154799 154815 154867 154869 154871 156841
217728 38795 154449 154452 154453 154760 154772 154799 154812 154867 154869 154871 156841
3332740 286561 286613 290316 290374 300677 302747 304287 306156 306438 3342163 3350478
191115 153084 154447 154448 154452 154453 154750 154760 154799 154815 154836 154867 154869 154871 160988
217739 1424 154447 154448 154452 154760 154771 154772 154815 154871
281239 38795 154447 154450 154452 154453 154750 154760 154772 154799 154812 156817 158474 308674
219815 729 36857 38795 154479 154733 154771 154775 154776 154815
156331 38795 154447 154449 154452 154453 154750 154760 154799 154812 154815 154867 154869 154871
168620 38795 153482 154447 154449 154451 154452 154453 154750 154760 154772 154799 154812 154815 154867 154869 154871 156458 156841
217772 36857 154447 154452 154453 154760 154771 154772 154773 154774 154775 156841
250554 1424 36857 154447 154452 154453 154750 154774 154775 154776 156817 158474
193218 38795 154448 154449 154451 154452 154453 154760 154772 154812 154815 154867 154869 154871 156493 156494 163785
217798 1424 154447 154451 154452 154453 154750 154774 154775 154811 155547 160754
203466 36857 154447 154452 154760 154815 154867 154871
258763 729 36857 153084 154451 154452 154479 154733 154771 154775 154798 154799 154810
3330762 286561 289490 290374 302747 304287 304801 306156 2991609 3342163 3361901
203469 153084 154452 154771 154775 154799 154815 154871 156841
289490 3028390 3329167 3329195 3045167 2333993 1047740 3329261 3329199 3329197 3036991 3329172 3329196 3329188 3329178 3329202
180948 729 153084 153322 154771 154798 154810 154815 160473 160987
262872 36857 153083 153084 154452 154771 154798 154799 154810 156841 160754
729 160986 163784 168966 170849 170942 171401 177767 178984 183217 183407 183669 183752 185153 185209 189604 191914 201843 203717 206167 206764 210001 210159 212109 212292 214952 216593 216749 218004 218576 218927 220175 222804 224331 224870 224910 226024 226695 226897 228089 230290 231021 231039 231058 233011 233058 236450 241028 245581 247046 248613 251821 254787 265881 267790 273129 283773 283844
160473 181023 185209 197493 205986 206764 230179 230245 230254 230290 230316 236885 265881 273129
226024 36857 38795 153083 153084 154479 154733 154798 154799 154810
248552 36857 154447 154450 154453 154815 154835 154836 155547 160988 163785
273129 1424 38795 153322 153482 154447 154448 154450 154452 154453 154760 154769 154772 154798 154799 154810 154815 154836 154869 154871 155547 156458 156493 156494 160987 163785
213742 1424 153084 154447 154452 154453 154750 154773 154774 154775 154776 154799 155547
217847 154447 154448 154452 154453 154771 154774 154775 154776 160754
223993 1424 36857 153084 154447 154448 154452 154771 154773 154774 154775 154798 154810 154815 154871
228089 36857 38795 153079 153084 154447 154449 154479 154733 154771 154775 154776 154815
158473 1424 154447 154451 154452 154453 154750 154760 154769 154772 154773 154799 156817 156841 158474 308674
158474 183418 185479 193804 193864 197690 214599 214692 217873 222567 224734 230313 230316 242797 257748 267509
217873 1424 36857 153083 153084 154447 154452 154769 154771 154774 154775 154798 154799 156817 156841
181023 38795 154447 154449 154452 154453 154760 154769 154772 154773 154799 154812 154815 154867 154869 154871 156458
230179 1424 36857 38795 153482 154447 154452 154453 154750 154760 154775 154776 155547 160754 160988
213796 1424 153083 153084 154447 154449 154452 154453 154760 154771 154773 154774 154775 154811 156841
248613 38795 153084 154447 154733 154771 154798 154799 154815
178984 38795 153084 154447 154449 154451 154452 154453 154750 154798 154799 154810 154812 308674
195368 36857 154447 154453 154750 154799 154815 154835 154836 154871 155547
156458 163784 185479 193788 194177 205986 218008 222571 230245 230254 233058 263481
185143 38795 154447 154448 154452 154453 154750 154812 154815 154867 154869 154871
205632 36857 153084 154452 154479 154733 154771 154774 154775 154798 154811 160754
185153 38795 153083 153084 154452 154771 154775 154799 154815 154871
254787 36857 38795 153084 154452 154771 154799 154871
219973 36857 154447 154452 154771 154775 154798 154799 154810 154811 154815 154867 154869 154871
156492 1424 154447 154448 154452 154453 154760 154815 154867 154869 154871 156493 156494
156493 181291 183418 183669 183752 183991 185209 193788 201843 203624 206388 210159 216749 218927 222567 222804 224200 225108 226363 230349 232869 233058 241028 257748 283725
156494 183191 185479 218729 230223 230315 263481 282271 282455
154447 154768 163784 166947 169414 170849 170867 170942 171401 171496 171653 175195 175525 175884 179950 180054 181363 183191 183418 183752 183931 183991 184131 188395 189533 189916 190018 191627 191970 192350 192381 193505 193774 193864 194177 195538 195938 195941 196203 197690 199692 199722 201843 203624 203757 204039 205980 206536 206764 207969 208168 210092 210159 212149 212356 212405 214599 214692 214893 214938 216569 217007 218000 218008 218100 218101 218191 218309 218354 218356 218377 218576 218667 218729 218802 218810 218822 219051 219100 220166 220246 220331 220339 220419 220627 220896 221079 222229 222454 222567 222571 222612 222732 222733 222799 222974 224200 224548 224734 224843 224910 225108 225140 226593 226675 230223 230228 230245 230250 230307 230312 230313 230316 230989 231039 233011 236885 242797 245581 245619 247238 249830 257748 258946 259163 259493 263279 263413 263481 264044 267509 267790 271400 277950 279889 282455 283581 283725 283774 283791 283844
154448 163784 166847 168966 170849 171401 175884 181291 183407 183669 184131 185479 192418 193788 194177 195941 203624 205986 214938 215891 217007 218004 218356 218729 218802 218810 219100 220627 220896 222496 222612 222732 222733 224419 224532 224548 226363 230223 231058 236885 242972 263481 282271 283725
154449 155546 166847 168966 170867 179950 181291 183217 183407 183991 185209 189533 193774 193804 194177 195941 197493 199692 203624 203717 205986 206167 210159 212292 214692 214938 214952 216582 218309 219051 220175 220331 222454 222567 222732 222974 224548 224843 224870 224910 225108 225140 226363 226695 230245 230250 230290 230312 230316 230989 231039 233058 236885 245619 247046 247238 249830 259261 267509 267790 283725 283773 283774 283791
154450 160986 163784 168969 170867 170942 171401 171496 181363 183217 183418 183931 188395 193505 193774 199692 205986 206167 206388 208080 208168 212149 212356 212726 214120 214599 214938 216572 216582 218354 219051 222974 224331 228337 230223 230228 230245 230290 230307 230313 230315 230324 245581 277950 282520
215891 1424 36857 154452 154453 154750 154760 154776 154815 154835
154451 170867 170942 181363 183752 183931 185479 193788 193804 195941 198307 203624 206789 210159 214938 216582 220419 230290 230312 230315 230316 230349 233058 259261 279889 283725 283774 283791
154452 154768 155546 163784 166847 166947 170849 170867 170942 171401 175195 175525 175884 179950 180054 181291 181363 183191 183217 183407 183418 183752 183931 183991 184131 185209 185479 188395 189533 189916 190018 191627 191914 191970 192381 192418 193505 193774 193788 193794 193804 193864 194177 195538 195941 197493 197690 198307 199692 199722 201843 203624 203757 204039 205981 205986 206167 206789 207969 208080 208168 210092 210159 212109 212292 212356 212405 212614 214599 214692 214893 214938 214952 216569 216572 216582 217007 218000 218004 218008 218100 218101 218191 218279 218309 218354 218356 218377 218576 218667 218729 218802 218810 218822 219018 219034 219051 219100 220166 220175 220231 220246 220331 220339 220419 220627 220896 221079 222229 222454 222496 222567 222571 222612 222732 222733 222799 222804 222974 223205 224200 224419 224532 224548 224734 224843 224910 225108 225140 226363 230223 230228 230245 230250 230254 230290 230307 230312 230313 230315 230316 230324 230349 230989 231021 231039 231058 232869 233011 233058 236885 240893 241028 242797 242972 245619 247238 249830 257748 258946 259163 259261 259493 259642 263279 263413 263481 264044 265881 267509 267790 271400 277950 279889 282455 282520 283581 283725 283773 283774 283791 283844
154453 154768 155546 163784 166847 166947 170867 171401 175525 175884 181291 181363 183191 183407 183418 183752 183931 183991 184131 185209 185479 188395 191970 192350 192418 193505 193774 193788 193794 193804 193864 194177 195941 197493 199692 199722 203624 204039 205986 206536 206789 207969 208168 210092 210159 212356 212405 212614 214599 214692 214938 216569 216572 216582 216593 217007 218000 218008 218100 218101 218309 218354 218356 218377 218576 218729 218802 218810 219018 219034 219051 219100 220166 220231 220246 220331 220339 220419 220627 220896 221079 222229 222454 222496 222567 222571 222612 222732 222733 222799 222804 222974 224419 224532 224734 224843 224910 225140 226363 230223 230228 230245 230254 230307 230312 230313 230315 230316 230324 230349 230989 231039 232869 233058 236885 242797 245619 249830 257748 258946 259261 263279 263413 263481 264044 267509 267790 277950 282271 282455 282520 283581 283725 283774 283791 230250
230223 1424 36857 38795 153322 154750 154760 154774 154775 154776 154799 154815 154867 154869 154871 155547 160988
230228 1424 36857 154750 154774 154775 154776 154799 154811 155547 160988
170849 1424 154750 154771 154775 154798 154799 154815 154835 154867 154869 154871
230245 1424 153322 153482 154750 154760 154769 154772 154773 156841
203624 153084 154750 154760 154772 154773 154811 154812 154815 154867 154869 154871 156841
230250 1424 36857 154750 154760 154774 154775 154776 154810 155547 156841 160754 160988
230254 38795 154750 154760 154769 154772 154799 154812 155547 156841
154479 168966 183217 183669 189604 190018 191627 191914 201843 205981 205982 212109 214952 216749 218822 218927 224910 226695 226897 233011 236450 241028 247046 251821 259642 283773
170867 154750 154760 154772 154773 154799 154812 155547 156841
197493 38795 154750 154760 154769 154772 154773 154799 154812 156841
185209 38795 154771 154798 154799 154811 154815 154871
258946 1424 154760 154815 154867 154869 154871 156841
218000 1424 154760 154771 154772 154773 154815 154835 154867 154871 156841 160754
230290 38795 153322 153482 154760 154772 154798 154810 155547 160987 160988
218004 38795 153084 154771 154775 154815 154871
183191 1424 153084 154750 154760 154772 154773 156841
218008 1424 154750 154760 154769 154772 154773 154799 154815 154836 154867 154869 154871 156841
236450 36857 38795 153079 153084 154733 154771 154799 154815
230307 1424 154750 154760 154769 154799 155547 160988
230312 38795 154798 154815 154867 154869 154871
230313 1424 36857 154750 154760 154799 154810 155547
230315 154760 154772 154799 154812 154815 154867 154869 154871 156841
230316 38795 154760 154772 154799 154811 154812 156817
183217 1424 36857 38795 153084 154733 154750 154798 154799 154810
230324 38795 153482 154750 154760 154772 154799 154812 154815 154836 154867 154869 154871 155547 163785
283581 1424 36857 154750 154760 154774 154775 154776 154799 160988
170942 1424 153482 154760 154867 154868 154869 154871 160987
166847 38795 154798 154812 154867 156841
203717 153083 153084 154798 154799 154815 154871
224200 153079 153084 154771 154774 154775 154811 154815 154871
230349 38795 154760 154799 154811 154812 154867 154869 154871
195538 36857 38795 153079 153084 154775 154776 154799 154871
195542 36857 153084 154760 154771 154772 154776 154815 160988
193505 38795 154750 154760 154773 154811 154812 160988
306156 1047740 3329178 2333993 3045167 3329326 3329167 3329199 3329195 2637479 3329172 3329196 3329224 3034227 3329205 3329261 3329202 3329188 3329274 3028390 3329197 3036991
203757 1424 153084 154799 154815 154871 156841 160988
228337 154750 154760 154815 154835 154868 154871 160988
160754 163784 166947 175195 180054 181363 184131 189916 190018 191970 192381 212292 214938 218100 218279 218356 218377 219051 220419 222496 225140 240893 245619 259493 279889 282520 283774
218100 154760 154815 154867 154869 154871
218101 1424 154750 154760 154769 154773 154774 154775 154815 154867 154869 154871 308674
168966 38795 153084 154733 154798 154799 154810
220166 1424 36857 154750 154760 154773 154774 154775 154776
168969 36857 153084 153482 154750 154760 154772 154799 154810 154868 160987 308674
199692 1424 36857 154750 154760 154772 154774 154775 154776 154799 155547 160987 160988
220175 38795 154771 154798 154799 154810 154815 154871 156841 160987
224276 154750 154760 154772 154799 154815 154835 154868
222229 1424 36857 153322 154750 154760 154769 154771 154772 154773 154774 154775 154776 154815 154836 154867 154869 154871 155547 156841 163785
166947 1424 36857 154750 154760 154769 154773 154775 154799 155547
271400 36857 154771 154774 154775 154871
199722 38795 154760 154773 154799 154812 154815 154867 154869 154871 156841
181291 38795 154760 154772 154798 154811 154812 154867 154869 154871
197690 36857 153083 153084 154771 154774 154775 154798 154810 154815 154871
226363 38795 154760 154773 154811 154812 154815 154867 154869 154871 156841
220231 154750 154773 154799 154812 154815 154867 154869 154871 156841
224331 36857 38795 153083 153084 154733 154771 154775 154815
283725 154760 154811 154812 154867 154869 154871
218191 1424 36857 153083 154750 154774 154775 154776 154811
210001 38795 153083 153084 154798 154799 154815 154871
220246 1424 153084 154750 154760 154769 154772 154773 154811
175195 154760 154771 154772 154799 154815 154867 154869 154871 156841
259163 1424 36857 153084 154750 154771 154775 154798 154810
189533 1424 36857 154771 154774 154775
207969 1424 154750 154760 154772 154773 154836 155547
214120 36857 153079 154750 154760 154815 154868 154871
154733 177767 183669 189604 190018 191627 191914 201843 205981 205982 214952 216749 218822 218927 226695 226897 233011 241028 242972 247046 251821 283773
242797 1424 153322 154750 154760 154772 154810 155547 156817 160987
183407 36857 38795 153083 154750 154774 154775 154799 154812 156841 160988
263279 1424 36857 38795 154750 154760 154773 154774 154775 154815 154867 154869 154871
3361901 1047740 2333993 3028390 3034227 3036991 3329167 3329178 3329188 3329195 3329196 3329197 3329198 3329202 3329205 3329224 3329274
181363 1424 153079 153084 154750 154774 154775 154799 154811 155547 160988
201843 153084 154771 154811 154815 154871
3034227 286561 286613 288583 290316 290374 300677 304287 306438 2991609 3342163 3350478
183418 153322 154750 154760 154799 154811 154812 154815 154867 154869 154871 156817
287868 2333993 3329188 3329198 3329167 3329172 3329178 3329274 3329202 3329197 3329199 3036991 3028390 3329195 3329196 3329261 3329224 1047740
283773 38795 153084 154771 154799 154815 154871
154750 155546 163784 169414 171401 171496 171653 175525 183931 183991 188395 191970 192350 193794 193864 194177 195938 196203 204039 205980 206388 206536 208168 210092 212149 212356 212405 212726 214599 214692 214893 214938 216572 216582 216593 217007 218279 218354 218667 219051 219100 220339 220896 221079 222454 222567 222571 222732 222974 224734 224843 225140 226593 226675 230989 231034 232869 236885 245619 249830 259261 263413 264044 267790 277950 279889 282455 282520 283774
283774 38795 154760 154772 154799 154810 154812
185479 38795 154760 154772 154812 154867 154869 156817 156841
154760 154768 155546 169414 171401 175525 183991 184131 191970 192350 192418 193774 193794 193804 193864 194177 204039 205980 205986 206388 206536 206789 208080 208168 212356 212405 212726 214599 214692 214893 216569 216572 216582 217007 218309 218354 218356 218377 218802 218810 219051 220331 220339 220419 220627 220896 221079 222454 222496 222567 222571 222612 222732 222733 222799 224419 224734 224843 225108 226593 226675 231034 231039 236885 249830 257748 259261 263413 263481 264044 282271 282455 283791
191627 1424 153084 154815 154871 156841
212109 36857 154771 154774 154775 154815 154871
283791 38795 153084 154799 154811 154812 160988
154768 1424 154769 154771 154772 154773 154774 154775 154776
154769 155546 171401 175525 193804 194177 212405 217007 218356 220331 222733 222974 232869 263481
156817 163784 193804 193864 214599 224734 267509
154771 160986 175884 177767 183669 184131 189604 189916 190018 191914 192381 193774 204039 205981 205982 206167 206764 208080 210159 212292 212614 214952 216569 216749 218354 218377 218729 218802 218810 218927 219018 219034 220419 220627 222496 222612 222799 223205 224419 224532 224548 224870 224910 225108 226695 231021 231039 231058 233011 240893 241028 242972 245581 247046 251821 259493 259642 265881 267509 283844
154772 171401 171496 175525 183991 191970 193774 193794 193804 193864 194177 204039 205980 205986 206388 206789 208168 212149 212405 214599 216569 216582 217007 218309 219051 220339 220419 221079 222732 222733 226675 231034 236885 249830 259261 263413
154773 171401 175525 183991 184131 189916 192381 194177 217007 218309 218354 218356 218729 219051 220331 220339 220627 222454 222567 222571 222733 233011 236885 247238 249830 263481 264044
154774 171653 175884 180054 183931 183991 188395 190018 191914 192418 208080 212292 212356 214599 214893 217007 218279 218377 219034 219051 220419 220896 222496 222567 222612 222799 223205 224548 233011 259493 264044 277950 282520
154775 171653 175525 175884 180054 183931 183991 188395 190018 191914 192381 192418 193864 206388 208080 210092 212292 212356 212614 214599 214692 214893 214952 216569 216572 216593 217007 218279 218377 218802 218810 218822 218927 219034 219051 219100 220419 220627 220896 221079 222496 222567 222612 222799 222974 223205 224419 224548 224870 225140 226695 230989 233011 240893 245581 245619 247238 251821 259493 259642 264044 267509 277950 279889 282455 282520
154776 171653 175884 180054 183931 191914 192418 206388 218279 218377 220896 222567 222799 223205 224548 224870 233011 245619 251821 259493 259642 264044
3329172 286561 286613 288583 290140 290316 290374 300677 302747 302925 304287 304801 306438 2991609 3342045 3342163 3350478
3329178 286561 286613 288583 290140 290316 290374 300975 302747 304287 304801 306438 2991609 3342045 3342163
205980 36857 153084 153322 154868 155547 160987 308674
205981 1424 36857 154815 154871
205982 36857 154798 154799 154810 154815 160988
304287 3329197 3329202 3329198 3329274 3028390 3329326 1047740 3329188 3329224 3045167 3329167 3329261 3329196 3329205 2333993 2637479 3329195 3036991
205986 38795 153322 153482 154812 154815 154867 154869 154871 160987
224419 154815 154871 308674
189604 36857 38795 153084 154810 154815
3329188 286561 286613 288583 290140 290316 290374 300677 300975 302747 304801 306438 2991609 3342163 3350478
218279 1424 153084 154799 155547 160988
156841 183991 184131 189916 191970 193788 193794 193804 206789 212405 216582 218356 220339 222567 222732 222733 222974 224734 224843 224910 225108 231021 236885 257748 259261 264044 267509 282520
220331 1424 154815 154867 154869 154871
210092 1424 36857 154815 154867 154869 154871
3329195 286561 290140 300975 302747 302925 304801 2991609
154798 160986 163784 177767 183669 183752 192381 206167 206764 210159 214952 216749 218576 218927 219018 222804 223205 225108 226695 226897 231021 231058 232869 240893 242972 245581 247046 247238 265881 267790 277950 282520 283844
154799 155546 160986 163784 171401 177767 184131 188395 191914 192381 193794 194177 195938 198307 206167 206388 206764 208168 210159 212292 212356 212405 214938 216569 216582 216593 218927 219018 219051 220339 220896 222567 222804 223205 224843 224870 225108 230989 231021 231039 231058 232869 236885 241028 242972 245581 259261 263413 264044 265881 267790 279889 282271 282455 282520 283844
3329196 286561 286613 288583 290140 290316 290374 300677 300975 302747 302925 304801 306438 2991609 3342045 3342163 3350478
3329197 286561 286613 288583 290140 290316 290374 300677 300975 302747 302925 306438 2991609 3342045 3350478
3329198 286561 286613 288583 290140 290316 290374 300677 300975 302747 302925 304801 306438 2991609 3342045 3342163 3350478
220339 1424
3329199 286561 286613 288583 290140 290316 290374 300677 300975 302747 302925 304801 306438 2991609 3342045 3342163 3350478
212149 36857 153079 154868 155547 160988 308674
3329202 286561 286613 288583 290140 290316 290374 300677 300975 302747 302925 304801 306438 2991609 3342045 3342163 3350478
3329205 286613 288583 290316 290374 302747 2991609 3350478
154810 155546 180054 183669 192381 206167 208080 208168 210159 214952 218576 223205 226695 226897 231021 233011 236885 242972 245581 247238 264044 283844
154811 183752 183991 188395 193788 206388 216572 218927 221079 222567 225108 231021 232869 233058 257748 282455
154812 155546 183752 193788 193794 193804 204039 206789 212405 216582 218576 231039 233058 249830 257748 259261 263413 263481 267790 282271
259261 38795
1047740 286561 286613 288583 290140 290316 290374 300677 300975 302747 302925 304801 306438 3342045 3350478 2991609
154815 169414 171401 171496 171653 179950 183991 189916 191914 191970 192350 192381 192418 193774 195938 196203 198307 204039 206167 206536 206789 208080 210159 212614 212726 214893 216749 218309 218354 218576 218667 218729 218802 218810 218927 219018 219051 219100 220627 221079 222567 222571 222612 222799 222804 224532 224734 224843 224870 224910 225108 226695 226897 231021 231034 231039 231058 232869 240893 241028 242972 245619 247046 251821 257748 263413 265881 282271 283844
283844 153084 154871
218309 1424 154867 154869 154871
3329224 286561 286613 288583 290140 290316 290374 302747 306438 2991609 3342163 3350478
208080 36857 153084 154868 154871
154835 171496 171653 179950 191970 192350 195938 196203 206536 214893 218729 219100 222799 226593 231034 245619
154836 171401 192381 206167 219018 222804 265881
160986 38795 153084 155547 160987 160988
160987 169414 171496 198307 206764 214599 222804 226593
160988 163784 206388 208168 212356 216569 216593 222454 222804 224843 230989 231021 245619 279889 282455 282520
3329261 286613 288583 290140 290316 290374 300677 302747 302925 306438 3350478
193774 1424 153083 153084 154867 154871
210159 38795 153084 154871 308674
218354 1424 154867 154869 154871 155547
154867 171401 179950 183752 183991 191970 192418 193788 195941 204039 206789 214893 218667 218729 218802 218810 219051 219100 220627 222567 222571 222733 222799 224734 224843 231034 231039 232869 233058 245619 257748 263413 263481 267509 282271
154868 169414 171496 206388 212726 214599 226593 226675 231034
154869 169414 171401 171496 179950 183991 191970 192418 204039 206789 214893 218576 218667 218729 218802 218810 219051 219100 220627 222567 222571 222799 224734 224843 231034 231039 232869 233058 245619 257748 263413 263481 282271
218356 1424
154871 169414 171401 171496 179950 183991 184131 189916 191914 191970 192350 192381 192418 193788 195938 195941 196203 198307 204039 206167 206789 212614 212726 214893 218576 218667 218729 218802 218810 218822 219018 219034 219051 219100 220627 221079 222567 222571 222612 222799 222804 224532 224734 224843 224910 225108 226675 231034 231039 231058 232869 240893 241028 242972 245619 257748 259642 263413 265881 267509
222454 153084 155547
263413 36857 38795 153083 153084 163785
267509 36857 38795
3329274 286561 286613 288583 290140 290316 290374 302747 302925 306438 2991609 3342163 3350478
193788
240893 153084
193794 38795
220419 1424 36857
247046 38795 153084
204039
306438 2637479 3028390 3045167 2333993 3329167
218377
193804 38795
224532 153083
242972 36857 153083 153084
222496 153083
226593 36857
224548 1424 36857
208168 1424 38795 155547
2333993 286561 286613 288583 290140 290316 290374 300975 302747 302925 304801 3342045 3342163 3350478 2991609
3329326 286613 290316 290374 2991609 3342163 3350478
3329167 286561 286613 288583 290140 290316 290374 300677 300975 302747 302925 304801 2991609 3342045 3342163 3350478
263481 38795 153084
212292 36857 153084
193864 1424
279889 1424 36857 155547
236885 38795 155547
206167 38795 153084
290140 3036991 3028390
195938 36857 155547
195941 1424 38795
222567 1424 36857 155547
222571 1424
226675 36857 153079 153322
183669 36857 153084
212356 1424 36857 155547
241028 38795 153084
226695 36857
171401 1424 38795 153482 155547
1424 175525 179950 183931 183991 188395 191970 194177 206388 214599 214692 214893 214938 216572 217007 218667 218729 218802 218810 219100 220627 220896 221079 222732 222799 222974 223205 224843 225140 230989 231058 245619 264044 277950
222612
175525
232869 38795
259493 36857 153079 153083 153084
3028390 286561 286613 288583 290316 290374 300975 302747 304801 2991609 3342163 3350478
191914 36857 153084
212405
277950 155547
308674 169414 171496 222733
169414 36857 153079 153322 153482 155547
247238 36857 153083 153084 153482
183752 38795 153084
218576 38795
220627
189916 38795 153084
224734 36857 38795
191970 153084
171496 36857 153079 153084 153482 155547
153079 183931 192418 206388 216569 216572 219051 225140 233011 259642
216569 38795 153083 153084
2991609 3036991
153083 177767 190018 192381 194177 216572 216749 218927 224870
216572 36857 155547
153084 163784 177767 180054 183931 188395 190018 192381 206764 212726 214692 214952 216593 216749 218927 219018 222804 223205 224870 225108 225140 231021 231034 231039 231058 233011 245581 267790 282520
216582
222732
222733
267790 38795
290316 2637479 3036991 3045167
216593 36857 155547
218667 36857
233011 36857
206388 36857 153322 153482 155547
259642 36857
190018 36857
290374 3036991 2637479 3045167
214599 36857 153322 155547
224843 38795
230989 36857 155547
222799
226897 36857 38795
222804 38795 153322 153482 163785
233058 38795
224870 36857
177767 36857 38795
218729
196203 36857 155547
231021 36857 38795 153322
231034 36857 153322
183931 36857 155547
231039 38795
194177 155547
171653 36857
212614
300677
224910
231058
265881 38795
302747 3036991 3045167 2637479
282271 38795 163785
304801 3045167 3036991
198307 153322 153482
214692
2637479 286613 3342163
216749
218802
183991
218810
218822 36857 38795
206536 36857
257748 163785
3342045 3036991
220896
153322 206764 212726
179950 38795
212726 36857
222974 36857
175884 36857
218927 36857
3045167 286561 286613 288583
3036991 286561 286613 288583 3342163 3350478
184131
288583
245581 36857 38795
302925
3342163
225108 36857 38795
180054 36857
282455 36857 38795 155547
192350 36857 155547
286561
264044 36857 155547
214893 36857
245619 36857
225140 155547
192381
153482 206764
38795 155546 163784 206789 214952 219018 249830 206764
219018
286613
221079
282520 36857 155547
155546 155547
155547 188395 206764 214938 214952 219051 219100
214938
219034 36857
192418
214952 36857
219051 163785
206764 36857
251821 36857
217007
300975
206789 163785
163784 163785
163785
3350478
219100
223205 36857
249830
188395
36857
