#/Users/tobiasbreuer/Desktop/E&OR/Building and Mining Knowledge Graphs/Project/ProjectCode/src/runner.py
# GMT Wed Mar 15 13:18:43 2023
# 
161792 153922 153930 154448 154449 154451 154452 154453 154760 154772 154773 154799 154811 154812 154815 154867 154869 154871 155865 155866 155986 156458 156493 156841 157999 159216 160262 161793 161794
161793 168620 180183 181023 182549 185479 217728 230340 230349 230356 273129 278930
161794 162052 165226 168453 168467 168558 170867 175884 176926 178084 182087 182884 184131 185314 189916 190913 191829 192418 193794 199722 203070 203572 203624 207969 208028 209019 209219 213742 216259 217220 217728 217772 217847 217935 218000 218309 218354 218452 218504 218586 218729 218802 218810 218834 219051 219394 219573 219714 220166 220227 220231 220331 220627 220877 221362 221424 221678 221782 222028 222236 222454 222496 222523 222571 222612 222729 222974 223556 223936 223993 224419 224747 225851 226363 230219 230296 233011 236885 240350 244951 249830 258128 263279 264044 265286 272841 273129 283181
196613 729 153083 153084 153699 153922 153929 154479 154733 154771 154811
221194 1424 153922 154447 154452 154453 154750 154760 154772 154775 154776 155760 156080 311520
196619 153922 154447 154449 154452 154453 154760 154769 154773 154812 156458 156841
198667 729 153084 153922 153924 153929 153930 154447 154733 154771 154798 154799 154810 154811 154815 155983 155987 156493 157680 157999
188447 153922 154449 154452 154453 154760 154769 154773 154812 154867 154869 156458 307754 329373
219167 153084 153699 153922 154447 154452 154453 154750 154760 154799 154815 154867 154869 154871 155983 155985 155986 155987 156080 307754
223265 153079 153083 153084 153482 153919 153922 154450 154750 154760 154771 154799 154868 156028 160047 160262 160473 160987 308674
230223 1424 153322 153922 154447 154448 154450 154452 154453 154750 154760 154774 154775 154776 154799 154815 154867 154869 154871 155547 155758 155760 155865 155983 155984 155985 155986 155987 156028 156261 156494 160047 160262 160988 307754
276521 729 2321 154479 154733 154771 154775 154811 155983 155987 156493 160754
219178 729 2566 153079 153084 153922 153929 154774 154775 154799 318337
221231 1424 153083 153929 154447 154452 154479 154733 154811 154815 156028
200754 729 153083 153084 153699 153922 154479 154733 154771 154775 154798 154810 154811 156028
219192 153922 154447 154448 154452 154453 154760 154815 154871 155983 155987 156080 156841
227385 729 153084 153922 153924 154447 154449 154452 154771 154798 154799 154810 155760 156028 162896
184378 153084 153922 153924 154447 154451 154452 154453 154750 154775 154799 155547 156028 156496 160988
155710 177767 183669 193134 195058 205632 205981 205982 216259 218861 219995 220761 221782 223362 223855 223866 242972 258763 262872
278598 729 153084 153922 153924 153929 153930 154452 154479 154733 154798 154815
227399 153699 153922 153929 154447 154452 154453 154760 154772 154773 156080 156841 311520 343612
184392 1424 153922 154447 154448 154452 154453 154750 154760 154772 154799 155547 156817 156842 158474 162238 307754
268359 153322 153482 153922 154450 154760 154772 154835 154868 154869 154870 154871 155986 160473 160987
213069 729 153084 153482 153922 153930 154450 154452 154760 154798 154815 154869 154871 155986 156493 156841 157999 160262 160987
159822 153083 153699 153919 153922 154447 154450 154750 154760 154772 154815 154835 154836 154868 154869 154870 154871 155547 155984 155985 155986 156028 157788 308674
235599 1424 153922 154447 154449 154450 154452 154453 154750 154760 154770 154799 155547 156080 156841 329373
258128 153922 153930 154447 154449 154452 154453 154760 154773 154812 154867 154869 154871 155986 156841 159216
163928 1424 153084 153922 154447 154448 154449 154452 154750 154774 154775 154799 155547 155760 156028 160988
157787 153482 153922 154760 154799 155113 155983 157788 157999 160987 160473
157788 170942 206388 206764 212149 221406 230290 247619 273129
163932 153922 153930 154449 154452 154453 154760 154769 154772 154773 154812 154867 156458 157999 159263
153699 155546 155982 158007 158613 162982 163676 166354 166363 166440 169304 175046 175578 175884 177767 180054 180698 180948 182087 184546 185153 188160 189189 189604 189916 191654 191914 192350 193127 193134 193774 193794 194502 195190 195538 195542 195717 196231 196758 197163 197385 197690 198308 199154 201426 203572 203578 203717 203757 205496 205632 205982 206707 208029 208080 208373 209219 211358 213389 213796 214854 216569 216593 217220 217935 218004 218191 218266 218667 218878 218906 218927 219057 219442 219477 219594 219738 219781 219782 219815 219995 221097 221158 221310 221362 221432 221543 222368 222772 222864 223345 223362 223436 223855 224112 224271 224616 225112 225139 225414 226024 226601 226695 227428 231039 231837 233011 236450 240893 245978 247046 250645 254787 257083 258355 258763 259493 261585 261922 262378 262872 263627 263706 267780 271644 273628 277950 278773 281347 281737 281878 282926 283773 283844
227428 729 153084 153922 153929 153930 154479 154733 154771 154815 155983
192617 153083 153924 154448 154452 154774 154775 154871 155983 155984 155985 155986 155987
223337 1424 153922 154447 154452 154453 154750 154760 154772 156841 156842 343612 307754
196717 729 153083 153084 153922 153929 154447 154452 154771 154798 154799
155758 168620 170885 185479 198307 206764 207969 224900 230263 230349 273129 283167
155760 158187 163676 166102 166363 166947 168423 168467 168913 171653 175884 176302 177538 180054 181363 182087 183931 186552 188160 189533 190018 190657 190754 191914 192418 193744 194502 194732 194758 195190 195538 195542 196758 197690 198901 199692 201075 203070 203469 206388 208028 208080 212109 212614 213389 213742 214692 214952 215891 216572 216593 217248 217847 217873 218101 218191 218359 218377 218802 218810 219381 219442 219553 219815 219973 219995 220166 220620 220896 220933 221310 221424 221731 222229 222496 222567 222799 222974 223205 223514 223733 223936 224548 224870 225414 226695 228089 228690 230179 230228 230250 230989 233011 236063 244951 245619 248275 250554 251821 258763 259493 259642 262378 263627 264044 267780 271400 277950 279889 281144 283581
219248 1424 153922 154447 154451 154452 154453 154760 154815 154867 154869 154871 155983 155984 155985 155986 155987
192626 153084 153922 154447 154451 154452 154453 154750 154799 154811 154812 156494 156495 164480
223345 729 153083 153084 153922 153924 153929 153930 154479 154733 154771 154798 154799 154815 156028
245874 729 1424 153922 154447 154452 154453 154775 154798 154799 154810 154815 154867 154869 154871 155983 155984 155985 155986 155987 308674
270448 1424 153084 153922 153929 154447 154452 154453 154750 154798 154799 154810 326344
209018 729 153084 153929 153930 154449 154450 154479 154733 154771 154799 156028
209019 153922 154452 154453 154760 154771 154773 154815 154871 155983 155984 155985 155986 155987
221310 729 153083 153084 153922 154771 154775 154776 154798 154799 154810 156028
223362 729 10895 153084 153929 153930 154479 154733 154815
217219 153083 153084 153922 153929 154452 154798 154799 154810 154836 154871 155983
217220 154447 154452 154773 154774 154775 154871 155983 155984 155985 155986 155987 308520
225414 729 1424 153084 153921 153922 154447 154449 154452 154453 154750 154760 154772 154774 154775 154776 154810 156028 308674
163990 729 153084 153922 153929 154447 154449 154452 154771 154798 154799
196758 1424 153922 153924 154447 154452 154773 154774 154775 154799 156028
196760 153294 153922 154448 154452 154453 154760 154769 154812 156495 156817
217246 153083 153084 154452 154771 154775 154815 154871 155983 155984 155985 155986 155987
217248 153083 153084 153922 153930 154447 154452 154760 154771 154774 154775 154776 154815 154871 155983 155984 155985 155986 155987 156028
270507 729 153922 153929 154447 154479 154733 154771 154798 154810 154815 156493
194732 153079 153922 154449 154450 154452 154771 154774 154775 154776 154798 156028 160262 160987
282795 153084 153922 153924 153929 154447 154449 154452 154453 154479 154733 154771 154773 154798 154810 156841
176302 729 153083 153084 153921 153922 154447 154452 154750 154771 154774 154775 154776 154798 154799 154810 156028 156030 158188 160988
184494 2321 153084 153922 154448 154452 154453 154798 154799 154815 154871 155983 155984 155985 155986 155987 156494
215218 153922 153924 154447 154448 154452 154453 154750 154760 154772 154799 154810 154815 154867 154869 154871 155547 155983 155984 155985 155986 155987 156261 156493 156494 158474 160262 160988 162238
221362 1424 153079 153084 153922 154447 154448 154450 154452 154453 154750 154760 154773 154774 154775 154776 154799 155547 160988
176308 1424 153922 154447 154750 154775 154799 155547 156028 156496 158167 160988 307754
219316 153922 154452 154760 154771 154772 154815 154871 155983 155984 155985 155986 155987 156494 156495
247991 729 153294 153553 153921 153922 153924 154452 154776 154798 154810 156031 160987
186552 729 153083 153084 153919 153922 153924 153929 154447 154452 154453 154769 154771 154774 154775 154798 154799 154810 156028 156494 156495 156817 158474
282808 153922 154447 154452 154453 154750 154799 154811 154812 154815 154867 154869 154871 155983 155986 156080 156493 156496
219325 154447 154453 154750 154815 154871 155547 155984 155985 155986 156030 307754 329373
221376 1424 153079 153922 154447 154449 154450 154452 154453 154750 154775 154799 155547 158474 160988 162238
190657 729 153294 153922 154479 154733 154771 154775 154776 154811 154815 156028 156493 158166 307422
194758 729 153921 153930 154447 154448 154449 154452 154479 154733 154771 154774 154775 154776 154815 154871 155983 155984 155985 155986 155987 156028 160047
215239 153922 153924 154447 154452 154811 154815 154867 154871 155983 155986 155987 156080 308674
223436 729 153084 153929 154479 154733 154771 154811 154815 155983 155987 156493
223442 1424 153919 153922 154447 154452 154453 154750 154775 154799 155547 156028 307754
223444 1424 154447 154452 154453 154815 154867 154869 154871 155983 155985 155986 155987
219349 729 2321 153084 153922 153929 154447 154452 154798 154810 318337
166102 1424 153922 154447 154452 154453 154750 154760 154774 154775 154799 154811 155547 156028 158166 160988
155865 160261 166847 167101 168620 169146 169414 171401 181291 183418 185467 193218 193788 193794 198307 199692 207969 212149 217728 218956 219051 219611 222804 230219 230312 230324 248552 259261 263279 282271
155866 168969 170942 181023 181291 183418 198307 205980 206671 212149 221089 226675 230290 259261 273129 278930
245978 729 153922 153924 154447 154452 154453 154750 154774 154775 154798 154799 154810 155547 156028 160988 182551
221406 153922 154750 154760 154772 154868 154870 156028 162896 311520 307754
307422 168913 168966 169304 175578 197821 208029 208373 214952 221158 230981 231012 233011 248395 257083 259642 263983
311520 156840 170942 175525 189927 193864 196203 197049 206388 206536 206671 207969 213360 214120 214599 217007 217960 218311 218354 218356 218359 218702 218847 218895 219715 220166 220246 221079 221701 222229 224276 226551 226593 228337 242797
260321 153922 153924 154447 154452 154453 154750 154760 154799 154811 155113 155547 156494 156817 156841 158474 160473 307754
184546 153083 153084 153924 154447 154452 154771 154815 155547 156028 156817 158474 308520
262378 729 153083 153084 153919 153922 154447 154452 154760 154771 154774 154775
280814 729 153922 154447 154449 154452 154453 154798 154799 154810 154812
221424 1424 153922 154447 154452 154453 154750 154760 154769 154772 154773 154774 154775 154776 154799 155547 156028 307754
263413 153083 153084 153922 153924 153930 154447 154452 154453 154750 154760 154772 154799 154812 154815 154867 154869 154871 155983 155984 155985 155986 155987 156080 159216 163785 307754
198901 153079 153084 153919 154447 154452 154453 154750 154775 154799
219381 729 153084 153922 154450 154451 154452 154775 154776 154798 156028
278773 729 153083 153084 153922 153929 153930 154449 154452 154479 154733 154771 154774 154775 154798 154811 154815 154871 155983 155984 155987 156493
221432 729 2321 153083 153084 153924 154449 154479 154771 154775 156028
219394 153922 154452 154453 154750 154760 154770 154773 154811 154812
162052 1424 153922 154447 154449 154452 154453 154750 154760 154770 160754 319970
270597 153084 153919 154447 154750 154774 154799 156028 156030 158188 307754
219403 729 1424 153084 153922 154447 154450 154451 154452 154453 154750 154760 154769 154799 154810 155547 156841 160473 160988 182551 329373
221455 153922 154449 154451 154452 154453 154760 154812 156080 160754 307754
2321 160986 162070 168423 170849 175046 189916 195717 203717 205632 206764 212614 213742 218004 219100 220535 220600 223993 224548 259642 264516 265881
182549 153922 153930 154448 154449 154451 154452 154453 154760 154772 154799 154811 154812 154867 154869 154871 155986 156493 156817 156841 158474 162238 182550 182551
162070 1424 153084 153922 154447 154452 154798 154799 154815 154871 155983 155985 155986
182550 183418 218354 219051 223514 230324 248552 257748 273129 282271
182551 191115 192381 193505 205986 206789 212405 217728 218008 218377 219424 219544 220101 220761 222229 222454 222732 222733 223729 224734 230254 230324 249830 250554
223514 1424 153084 153922 154447 154448 154452 154453 154750 154760 154773 154774 154775 154799 154811 154815 154835 154867 154869 154871 155983 155984 155985 155986 155987 156493 163785 307754
272667 153922 154452 154750 154760 154812 154815 154871 155983 155985 155986
219424 1424 153922 154447 154452 154453 154750 154760 154772 156841
190754 153922 154448 154452 154453 154760 154771 154774 154775 156028 160754
219430 153084 153922 154448 154449 154452 154453 154811 154812 154867 154869 154871 156493 156496 307754
219431 153922 154447 154449 154452 154453 154750 154760 154769 154773 154799 154812 156841 307754
282926 729 1424 153083 153084 153922 153929 154447 154452 154798
157999 163784 168620 181023 185209 185467 185479 197493 198307 205378 205986 212292 222804 223855 230290 263481 273129 278930
160047 168423 180698 189798 197385 219580 230179 230228 236063 283581
219441 153922 154447 154452 154453 154760 154812 156841 158474 162238 307754
219442 729 153079 153084 153922 153924 154447 154449 154450 154452 154750 154771 154774 154775 154799 156028
258355 729 1424 10895 153922 153924 154449 154452 154453 154479 154733 154771 154774 154775 154799 154810 155113 155547 156028 156080
158007 729 1424 153084 153922 153929 153930 154447 154452 154453 154773 154811 154812 154867
203070 1424 154447 154452 154453 154750 154773 154775 156841 160754
153919 164811 166905 171653 175578 177815 180054 183931 192418 195190 196203 197385 205982 213389 214120 214952 218906 219608 219815 220497 220620 221089 222229 222496 222567 223188 223205 224331 224548 230179 230228 230250 233320 245619 250554 259642 261922 267780 271400
153921 152090 175578 180698 189604 196144 197385 197821 204245 205496 218512 218919 219973 221089 224870 225918 226601 226897 255771 283181
153922 152090 154446 154768 154808 154866 155546 155982 156331 156492 156840 157334 158473 160175 160261 160986 162982 163676 163784 164479 164811 165226 166284 166363 166440 166495 166847 166947 167101 168410 168423 168453 168467 168558 168573 168620 168966 168969 169146 169304 169414 170849 170867 170885 170942 171401 171496 175046 175195 175525 175578 176926 177767 177812 178984 180054 180183 180698 180713 180948 181023 181291 181363 181769 182884 183191 183217 183407 183418 183640 183669 183689 183720 183752 183931 183991 184131 185143 185209 185264 185314 185444 185454 185479 186915 188801 189189 189604 189927 190913 191115 191624 191715 191734 191829 191852 191970 192350 192381 192410 192418 193127 193134 193218 193505 193748 193773 193774 193786 193788 193794 193804 193864 193934 194177 194320 194932 195190 195542 195717 195941 195982 196144 196231 197049 197493 197690 197821 198280 198307 198308 199154 199235 199691 199692 199722 201075 201426 201843 203466 203469 203526 203578 203624 203717 203757 204039 204245 205378 205496 205632 205980 205982 205986 206167 206388 206523 206536 206671 206707 206764 206789 207969 208029 208080 208168 208373 209219 209802 210001 210159 210429 211354 211358 212149 212292 212356 212405 212465 212726 213360 213389 213742 213796 214119 214120 214599 214692 214713 214854 214893 214938 214952 215891 215964 216259 216492 216569 216572 216582 216593 216600 216749 217007 217728 217739 217772 217798 217847 217873 217876 217899 217935 217943 217960 218000 218008 218100 218101 218238 218266 218279 218309 218311 218354 218356 218359 218377 218379 218424 218452 218504 218512 218576 218586 218594 218702 218707 218802 218810 218834 218847 218861 218868 218878 218895 218919 218927 218956 219018 219019 219051 219057 219477 219493 219517 219544 219553 219573 219594 219608 219611 219714 219715 219720 219738 219781 219782 219817 219965 219973 220101 220166 220174 220175 220210 220227 220231 220246 220311 220331 220339 220419 220535 220600 220627 220761 220877 220896 220914 220933 221079 221089 221158 221543 221598 221678 221701 221702 221724 221731 222028 222061 222229 222236 222334 222344 222368 222454 222496 222567 222571 222612 222729 222732 222733 222772 222799 222804 222864 222879 223091 223205 223556 223579 223634 223729 223788 223820 223855 223866 223936 223993 224112 224120 224177 224271 224276 224288 224331 224419 224494 224532 224616 224617 224640 224644 224734 224747 224843 224900 225101 225108 225112 225139 225140 226024 226154 226255 226363 226516 226551 226593 226675 226695 226897 227893 228337 230179 230219 230224 230228 230231 230245 230254 230263 230290 230296 230306 230307 230311 230312 230313 230315 230316 230324 230340 230349 230353 230356 230644 230981 230989 231012 231021 231034 231039 231058 232869 233011 233058 233320 236063 236885 240350 240893 241566 242797 242972 244951 245539 245581 247046 247238 247619 248275 248395 248396 248613 249830 250645 254787 255771 255814 257083 257291 257748 258547 258628 258763 258946 259163 259261 259493 261585 261922 262872 263254 263279 263481 263602 263627 263706 263983 264044 264516 264711 265286 265881 267509 267790 271644 272841 272992 273129 273628 277163 277950 278930 279889 281144 281239 281347 281737 282244 282271 282455 282520 282997 283118 283167 283181 283581 283683 283696 283725 283774 283791 283844 284237 230250
209219 1424 154447 154448 154452 154453 154760 154771
153924 152090 162982 166354 166440 166495 168573 168966 169304 169414 171496 175578 177767 177815 178984 180054 180698 180948 183669 188160 189189 191627 191852 192381 193934 194502 194932 195538 195542 196144 196231 197385 197690 198280 199692 204245 205496 205980 205982 206388 208080 210159 210429 211354 212109 212356 213389 214599 214692 214952 216492 217798 217873 218512 218576 218919 219019 219594 219965 219973 220761 221089 221701 223205 223729 223866 223993 224616 224617 224644 225101 225112 226024 226516 226601 226675 226897 227893 230290 230353 230644 231021 231034 233011 236063 241566 242972 248275 248552 255771 258763 259163 259642 262872 263983 264516 271644 273628 277163 281144 281737 282520 283181
223556 153930 154447 154449 154452 154453 154750 154773 154799 154812 154815 154867 154869 154871 155983 155985 155986 156841
264516 729 153084 153553 153929 154771 154775 154798 154811
153929 154808 155982 160175 166495 166847 168966 169304 175046 177767 183217 183669 183752 189604 191624 191654 191715 192381 192410 193127 193134 193748 193934 195717 197163 199154 203572 203578 203757 204245 206167 208029 208373 210001 210159 213389 214854 214952 216749 218868 218878 219493 219815 220535 221158 221782 222368 222772 222864 223188 223855 223866 224271 224331 224616 224617 224644 225101 225139 225918 226024 226255 226897 227893 228089 230353 230981 231012 231021 231058 241566 242972 245539 245581 247046 247238 248395 248396 248613 254787 255814 257083 257291 259163 263602 267790 272992 273628 277163 281144 281347 281737 283683 283696 283725 168913 284237
153930 152090 155982 156331 157334 160175 160261 166847 168620 169304 171401 179950 180948 181023 181291 183418 183752 185209 185467 191624 191654 191715 192410 193127 193218 193748 193774 195941 195982 197163 201843 203572 203757 204039 206167 206707 206789 207969 210001 210159 211354 213389 217728 218101 218504 218586 218594 218802 218810 218861 218868 218919 218956 219051 219493 219815 220535 221097 221543 222028 222229 222236 222729 223788 223855 224112 224331 224616 224617 224870 224910 225108 225112 225851 225918 226255 226363 227893 228089 230290 230312 230324 230340 230349 230356 231012 231039 233058 236450 241028 241566 245539 247046 248613 251821 254787 257083 257291 264711 267509 272992 273628 278930 281347 282244 282271 283725 283773 283791 284237
155982 729 1424 153083 153084 154449 154452 154479 154733 154771 154798 154799 154815 154871 155983 155984 155985 155986 155987
155983 152090 156331 156492 158613 160175 165426 166284 168423 168467 168573 168620 170849 171401 175195 177815 180183 180713 180948 181769 183418 183991 184131 185143 185153 185209 185264 188801 189533 189916 191115 191627 191829 191914 191970 192381 192418 193774 195058 195368 195538 195941 197163 198307 201843 203466 203469 203624 203717 203757 204039 205981 205986 206167 206789 208080 210001 210092 210159 210429 211354 212109 212614 213389 214893 216749 217556 217739 218000 218004 218008 218100 218101 218309 218354 218576 218667 218729 218802 218810 218822 218927 219018 219034 219051 219100 219132 219517 219611 219714 219715 219815 219973 220175 220231 220627 221079 221097 221543 221782 222229 222567 222571 222612 222799 222804 223733 223855 223993 224112 224200 224331 224419 224532 224734 224843 224870 224910 225108 225139 226363 226695 228690 230324 231039 231058 232869 240893 241028 242972 245539 245619 247046 248613 250645 251821 254787 257291 257748 258946 259642 263254 263279 263627 264711 265881 266751 267509 271400 273129 273628 281347 283118 283181 283696 283773 283844 284237
155984 158187 158613 165224 165794 166284 166354 166905 168423 168467 168573 169414 170849 171496 171653 184131 185143 185264 185429 188801 189533 189798 191115 192350 192381 192418 195368 195538 195938 196203 197690 203466 204039 205981 206536 208080 210092 210159 212109 212614 212726 214119 214120 214713 214893 215891 216600 217556 218100 218101 218354 218802 218810 218822 218906 219034 219051 219132 219517 219580 219611 219715 219817 219973 220627 221543 221782 222229 222567 222612 222799 223184 223579 223820 223993 224200 224276 224419 224532 224734 224843 225108 226363 226593 228337 228690 231034 231058 231837 240893 242972 245619 258946 263279 267509 271400 281878 283181
155985 156331 158187 158613 165224 165426 165794 166284 166354 166905 168423 168467 168573 169414 170849 171401 171496 171653 175195 180948 181769 183418 183991 184131 185143 185209 185264 185429 188801 189798 189916 191115 191627 191970 192350 192381 192418 193774 195058 195368 195538 195938 196203 197690 198307 201843 203466 203469 204039 205981 206167 206536 208080 210092 210159 212109 212614 212726 214119 214120 214713 214893 216600 217556 217739 218008 218100 218101 218354 218802 218810 218822 218906 219018 219034 219051 219100 219132 219517 219580 219611 219715 219817 219973 220627 221543 221782 222229 222567 222571 222612 222799 222804 223184 223579 223820 223855 223993 224200 224276 224419 224532 224734 224843 224910 225108 226363 226593 226675 228337 228690 230324 231034 231039 231058 231837 240893 242972 245619 248552 258946 263254 263279 264711 265881 267509 271400 273129 281878 282271 283118 283181 283773 283844
155986 152090 156331 156492 160261 164479 165426 165794 166284 166354 166905 168423 168467 168573 168620 169414 170849 170942 171401 171496 171653 175195 179950 181023 181291 181769 183418 183991 184131 185143 185209 185429 188801 189916 191115 191627 191734 191829 191970 192350 192381 192418 193218 193773 193774 193786 195058 195368 195538 195938 195941 196203 197690 198307 199722 201843 203466 203469 203624 204039 205981 205986 206167 206536 206789 208080 210092 210159 211358 212109 212614 212726 213360 214119 214120 214713 214893 216600 217556 217728 217739 218000 218004 218008 218100 218101 218309 218354 218576 218667 218729 218802 218810 218822 218906 219018 219034 219051 219100 219132 219517 219611 219714 219715 219817 219973 220231 220311 220331 220627 220914 221543 221782 222229 222523 222567 222571 222612 222729 222799 222804 223184 223579 223820 223855 223993 224200 224276 224419 224532 224734 224843 224910 225108 226363 226593 226675 228337 228690 230312 230315 230324 230349 231034 231039 231058 231837 240350 240893 242972 245619 248552 257748 258946 263254 263279 264711 265881 267509 271400 273129 281878 282271 283118 283167 283181 283773 283844
155987 152090 158613 160175 162982 166284 168423 168467 168573 169414 170849 171401 180183 180713 180948 181769 183991 184131 185143 185153 185264 188801 189533 191115 191914 191970 192381 192418 195058 195538 197163 197690 203466 203469 203717 204039 205981 208080 210001 210092 210159 210429 211354 212109 212614 213389 214893 216749 217556 218008 218100 218101 218354 218667 218802 218810 218822 218927 219034 219051 219100 219132 219517 219611 219715 219815 219973 220627 221079 221097 221543 221782 222229 222567 222612 222799 223733 223993 224200 224331 224419 224532 224734 224843 224870 225108 225139 226363 226695 228690 230228 231058 232869 240893 242972 245619 250645 251821 254787 258946 259642 263279 263627 264711 266751 267509 271400 273628 281347 283181 284237
219477 154447 154452 154453 154760 154769 154812 158474 319970
223579 154447 154453 154750 154815 154835 154871 155547 307754
219493 1424 153084 154452 154798 154799 154810 154815 308674
221543 153084 154447 154448 154449 154450 154452 154453 154750 154760 154771 154773 154811 154815 154867 154871 156080 156493 156494 307754
213360 1424 154760 154815 154835 154867 154868 154869 154871
267509 154447 154449 154452 154453 154771 154775 154867 154871 156817 156841 158474
201075 1424 154447 154448 154452 154453 154750 154760 154772 154775 154799 156817 158474 162238 308674
194932 729 153083 153084 154733 154798 154799 154815 154836 157680
282997 1424 153084 154447 154452 154453 154750 154760 154774 154775 156496 164480
156028 152090 158187 165224 166284 166354 166472 166905 168410 168913 169414 171496 171653 175525 175884 177538 177815 181363 183931 188160 188395 189604 189798 190018 191852 191914 192350 192418 193127 193744 195190 195542 195938 196144 196203 197385 197821 198308 199235 199692 205982 206388 206536 206671 208080 212109 212149 212292 212356 213389 213742 214119 214120 214692 214893 214952 216492 216569 216572 216593 217007 217772 217847 217873 217960 218101 218191 218279 218311 218377 218512 218906 219034 219132 219580 219594 219608 219720 219815 219995 220166 220419 220497 220761 221089 221701 221702 221731 222229 222496 222567 223820 223993 224120 224331 224548 224870 225140 226024 226516 226593 226601 226604 226675 226695 226897 228089 228337 230179 230228 230250 230989 231034 231837 233011 233320 236450 248275 251821 255771 259642 263279 264044 267780 271644 277950 279889 281144 282455 282520 283581
219517 153083 153084 154452 154775 154810 154815 154871 155547
156030 165224 165794 171653 189798 195542 197022 217847 219132
156031 158187 165224 165794 166354 171653 180698 192350 195542 196203 206536 214119 217556 221089 222229 222567 263279 267780 271644
188801 154452 154453 154750 154815 154867 154869 154871
166284 729 153084 154450 154771 154775 154815 154835 154836 154871
213389 729 153084 154449 154452 154771 154775 154798 154799 154815 154871
223634 154447 154448 154452 154453 154760 154811 154812 156817 307754
278930 154449 154451 154452 154453 154760 154798 154812 156458 160262
219544 154449 154451 154452 154453 154760 154812 156817 307754
211354 729 153084 154771 154798 154799 154810 154815
231837 153084 154771 154815 154835 154836 154871
197022 1424 154447 154452 154453 154771 154773 154774 154775 156080
211358 154447 154448 154449 154451 154452 154453 154760 154812 154815 154867 154869 154871
221598 1424 154447 154452 154453 154750 154760 154771 154774 160754
219553 729 153084 154452 154771 154775 154776 154798 154799 154836
160175 729 153084 154447 154450 154479 154733 154771 154798 154799 154815 154871
156080 156840 166440 168423 168620 183640 183720 183931 183991 185444 189533 190018 191970 193505 194320 199692 199722 201426 203624 206789 215964 216582 217728 217876 218238 218354 218359 218379 218424 218702 218895 219034 219057 219714 219715 219738 220339 220877 221079 221678 222236 222334 222344 222567 222974 224494 225140 226154 230224 230315 230324 245619 279889 282455
219573 153083 154447 154452 154453 154750 154760 154772 154773 154811 160754 319970
197049 1424 154447 154452 154453 154750 154760 154772 156841
219580 153079 154835 158166 158167 158188 307754
162238 183418 197690 214232 218707 219611 220933 230263 230356 263706
190913 154447 154452 154453 154773 154812 154867 154869 154871 159263
272841 154449 154452 154453 154760 154772 154773 154812 156841 319970
219594 153084 154451 154771 154774 154775 154798
166354 153083 154750 154815 154835 154869 154871
248275 1424 153084 154447 154452 154453 154750 154760 154774 154775 154799 155547 160754 160988 308520
217556 10895 154452 154479 154771 154774 154775 154871 156817 158474
158166 158187 180698 188395 195542 206388 218927 220620 220896 222567 223205 224200 230228 236063 250554 258763 281144
158167 165224 168410 183407 189798 198308 199692 218512 220497 263706 283581
219608 154449 154452 154453 154750 154760 154769 154773 154775 154812 307754
168410 1424 153084 154447 154450 154452 154453 154750 154774 154775 154799
166363 1424 154447 154448 154452 154453 154760 154771 154774 154775
180698 153084 153294 154771 154799 154810 154815 156493
219611 153084 154447 154450 154451 154452 154453 154750 154760 154799 154815 154867 154869 154871 155547 156458 156817 156841 158474 160262 163785
168416 168423 191914 195538 206388 219815 222567 224870 245619 251821 259642 263627
319970 183689 193505 218238 218266 220210 220914 222496 224640 230315 249830 257748
168423 1424 154447 154452 154453 154760 154773 154775 154776 154811 154815 154867 154869 154871 156493 156841 158474
180713 154452 154453 154760 154815 154867 154871 156841 160754
158187 153084 154750 154774 154775 154815 154835 158188
158188 165224 165794 166905 171653 185429 189798 195368 206671 218906 219132 230250 264044
221678 154449 154452 154453 154750 154760 154812 156841 329373
283118 154447 154449 154452 154453 154750 154760 154769 154773 154812 154815 154867 154869 154871
223729 1424 153083 153084 154447 154452 154799 154815 154836 156841 157680
195058 1424 153084 154447 154452 154479 154733 154771 154815 154871
199154 729 1424 153084 154447 154452 154453 154750 154798 154799 154811
258547 729 153084 154449 154771 154775 154798 154799 154810 160473
223733 154447 154452 154479 154733 154775 154811 154871
266751 1424 154447 154449 154451 154452 154775 154871 158474
160261 154447 154449 154451 154452 154453 154772 154799 154811 154812 154867 154869 154871 156493 156841 160262
2566 160986 183217 196144 221702 224271 225139 230644 250645 272992
160262 160986 163784 166847 168620 168969 170867 170885 170942 171401 181023 181291 183418 185479 193218 193748 193794 198307 205980 205986 206671 206764 206789 208168 212149 214120 217728 219051 220175 221089 222804 223855 224276 226675 230245 230290 230315 230324 231021 259261 273129
168453 154449 154452 154453 154750 154760 154773 156841 307754
221701 154750 154760 154772 154774 154868 157680 162896
221702 154450 154760 154771 154772 154868 160473 162896 170886
264711 1424 153083 153084 154447 154449 154451 154452 154453 154760 154771 154799 154812 154815 154867 154869 154871 156493 164480
168467 154447 154452 154760 154771 154773 154775 154815 154836 154871 160754
152090 729 154452 160754 154798 154815 154810 154771 153553 154871
221724 153084 154447 154449 154452 154453 154750 154760 154773 154812
236063 153083 153084 154447 154452 154453 154775 154776 154798 154811 318337
283167 154447 154451 154452 154453 154760 154812 154815 154867 154869 154871
186915 1424 154447 154452 154453 154750 154760 154775 154811 160988 329373 307754
221731 153083 154447 154448 154452 154453 154760 154771 154775 154776 326344
166440 154452 154453 154479 154733 154771 154799
307754 154446 156840 158473 165224 165794 166947 167101 168573 168620 168969 171401 175525 181363 183191 183418 183640 183689 183720 183931 183991 185264 185429 185444 185454 189798 191115 191970 192350 193774 193794 193864 194177 195938 197493 199691 199692 201426 203526 204039 205986 206536 206671 207969 208168 212405 214120 214938 215964 216572 217007 217876 218008 218101 218311 218354 218356 218379 218424 218707 218847 218895 219051 219057 220101 220210 220227 220231 220339 220497 222028 222229 222334 222344 222454 222567 222732 222879 224177 224288 224734 224843 225140 230179 230228 230231 230245 230250 230307 230313 230316 230324 230340 230989 236885 242797 257748 259261 263279 264044 265286
197163 153083 153084 154449 154452 154871 308520
223788 154447 154449 154452 154453 154760 154812 154867 308674
283181 153083 153084 154447 154452 154771 154775 154798 154815 154871 160754
227893 729 153083 153084 154798 154799 154810
281144 153084 154452 154771 154774 154775 154798 154811
225851 1424 154449 154452 154453 154773 154867 156841 343612
205378 154452 154760 154769 154799 156458 159263 160473 170886
199235 153083 153084 154760 154771 154815 154868 154869 162896
219714 1424 154447 154448 154452 154453 154760 154771 154815 154867 154869 154871
219715 1424 154447 154452 154453 154750 154760 154811 154815 154835 154867 154869 154871
258628 729 1424 153084 154449 154452 154771 154798 154799 156841
166472 1424 154447 154451 154452 154453 154750 154774 154775 155547 160988
219720 1424 154447 154452 154453 154750 154760 154774 154775 154811 160988
248395 729 153084 154733 154798 154799 154810 154815
223820 154447 154750 154760 154772 154815 154835 154868 154871 160473 162896 170886
248396 153083 153084 154447 154449 154452 154453 154771 154798 154799 156841
221782 1424 153083 153084 154452 154773 154775 154811 154815 154871
219738 153084 154452 154453 154750 154760 154799 154812
166495 729 153084 154453 154798 154799 154810 326344
272992 729 153084 154447 154479 154733 154771 154798 154799 154815
182884 154449 154452 154453 154750 154760 154773 154799 155547 156841 343612
156261 185264 185454 208168 224843 230290 230307 244951 247619 230250
193127 729 153084 153322 154449 154479 154733 154771 154799 154815
168558 154447 154449 154452 154453 154750 154760 154773 156841
193134 10895 153083 154450 154479 154733 154771 154815
223855 154448 154449 154452 154453 154769 154771 154798 154810 154815 154871 156458 156494 156841 308520
195190 1424 153084 154447 154452 154750 154775 154776 154799 155547 160988
223866 153084 154447 154452 154798 154799 154810 154811 308520
168573 153084 154447 154452 154750 154760 154775 154799 154815 154867 154869 154871 156841
225918 729 153084 154449 154452 154774 154775 154776 154811
164479 729 153084 154447 154452 154760 154815 154871 156493 164480
164480 177812 181363 183640 199691 208168 212356 214232 218100 220210 220311 220419 224288 224900 226154 230179 230313 230349 231039 247238
217728 153294 154449 154452 154453 154760 154772 154799 154812 154867 154869 154871 156841 159263
219781 154447 154449 154452 154453 154812 156494 156495 156817
219782 1424 153084 154447 154449 154452 154453 154760 154771
191115 153084 154447 154448 154452 154453 154750 154760 154799 154815 154836 154867 154869 154871 160988
217739 1424 154447 154448 154452 154760 154771 154772 154815 154871
10895 158613 176926 182087 191627 205981 205982 219034 224200
281239 154447 154450 154452 154453 154750 154760 154770 154772 154799 154812 156817 158474
219815 729 154479 154733 154771 154775 154776 154815
219817 1424 154447 154453 154750 154760 154835 160754
156331 153294 154447 154449 154452 154453 154750 154760 154799 154812 154815 154867 154869 154871
168620 153482 154447 154449 154451 154452 154453 154750 154760 154772 154799 154812 154815 154867 154869 154871 156458 156841 159216
217772 154447 154452 154453 154760 154771 154772 154773 154774 154775 156841
277163 729 153083 153084 154479 154733 154798 154799 154810 155113
205496 153084 154447 154798 154799 154810 326344
250554 1424 154447 154452 154453 154750 154774 154775 154776 156817 158474
223936 154447 154448 154452 154453 154760 154771 154775
193218 154448 154449 154451 154452 154453 154760 154772 154812 154815 154867 154869 154871 156493 156494 156495 163785
217798 1424 154447 154451 154452 154453 154750 154774 154775 154811 155547 160754
326344 189189 191852 193934 198308 208080 216492 218868 219973 225112 261922
203466 154447 154452 154760 154815 154867 154871
258763 729 153084 154451 154452 154479 154733 154771 154775 154798 154799 154810
203469 153084 154452 154771 154775 154799 154815 154871 156841
201426 154447 154448 154452 154453 154760 154770 154772 154811
180948 729 153084 153322 154771 154798 154810 154815 160473 160987
262872 153083 153084 154452 154771 154798 154799 154810 155113 156841 160754 308520
729 154808 157334 160986 162982 163784 168913 168966 169304 170849 170942 171401 175046 177767 178984 183217 183407 183669 183752 185153 185209 189604 191624 191654 191715 191852 191914 192410 193748 193934 195717 195982 196231 201843 203717 206167 206707 206764 208029 210001 210159 212109 212292 214232 214854 214952 216593 216749 218004 218576 218594 218868 218878 218927 219019 220175 220535 220600 220620 221097 221158 222368 222772 222804 222864 223188 224112 224271 224331 224616 224617 224644 224870 224910 225112 225139 226024 226255 226695 226897 228089 230290 230353 230981 231012 231021 231039 231058 233011 233058 236450 241028 241566 245539 245581 247046 248613 251821 254787 255814 257083 257291 261922 263627 265881 267790 273129 273628 281347 281737 283773 283844 284237
160473 170885 181023 185209 185454 197493 205986 206764 226551 230179 230245 230254 230290 230296 230311 230316 236885 244951 265881 273129
240350 154447 154448 154452 154453 154760 154815 154871
226024 153083 153084 154479 154733 154798 154799 154810
248552 154447 154450 154453 154815 154835 154836 155547 160988 163785
273129 1424 153322 153482 154447 154448 154450 154452 154453 154760 154769 154772 154798 154799 154810 154815 154836 154869 154870 154871 155113 155547 156458 156493 156494 159263 160987 163785 170886
213742 1424 153084 154447 154452 154453 154750 154773 154774 154775 154776 154799 155547
217847 154447 154448 154452 154453 154771 154774 154775 154776 160754
223993 1424 153084 154447 154448 154452 154771 154773 154774 154775 154798 154810 154815 154871
228089 153079 153084 154447 154449 154479 154733 154771 154775 154776 154815
281347 154479 154733 154798 154815
189189 1424 153084 154447 154452 154798 154799 154810 160987
203526 154447 154448 154451 154452 154453 154760 154811 154812
158473 1424 154447 154451 154452 154453 154750 154760 154769 154772 154773 154799 156817 156841 158474 308674
158474 183418 185479 193804 193864 197690 214232 214599 214692 217873 218266 218707 218847 220933 222567 222879 224734 230313 230316 230356 242797 257748 263706
197385 153083 153084 153553 154771 154815
217873 1424 153083 153084 154447 154452 154769 154771 154774 154775 154798 154799 156817 156841
217876 1424 154447 154452 154453 154750 154760 154772 154775 154811
250645 153084 154452 154799 154815 154871
176926 1424 154447 154448 154452 154453 154760 154771
181023 154447 154449 154452 154453 154760 154769 154772 154773 154799 154812 154815 154867 154869 154871 156458 170886
230179 1424 153482 154447 154452 154453 154750 154760 154775 154776 155547 160754 160988 329373
213796 1424 153083 153084 154447 154449 154452 154453 154760 154771 154773 154774 154775 154811 156841
248613 153084 154447 154733 154771 154798 154799 154815
217935 154447 154452 154453 154750 154760 154773 154811 154815 160988
178984 153084 154447 154449 154451 154452 154453 154750 154798 154799 154810 154812 308674
195368 154447 154453 154750 154799 154815 154835 154836 154871 155547
156458 163784 185454 185467 185479 193788 194177 195982 205986 218008 222571 223091 224177 230245 230254 233058 263481
217899 1424 154447 154450 154452 154453 154750 154760 155547 160988
203572 154447 154448 154452 154773 156494 157680
185143 154447 154448 154452 154453 154750 154812 154815 154867 154869 154871
203578 153083 154447 154452 154771 154798 154799 154810 154815
219965 153084 154447 154449 154452 154773 154798 154799 156495 156841
205632 153084 154452 154479 154733 154771 154774 154775 154798 154811 160754
185153 153083 153084 154452 154771 154775 154799 154815 154871
254787 153084 154452 154771 154799 154871
219973 154447 154452 154771 154775 154798 154799 154810 154811 154815 154867 154869 154871
230219 154449 154452 154453 154760 154773 154799 154812
156492 1424 154447 154448 154452 154453 154760 154815 154867 154869 154871 156493 156494 156495 156496
156493 165426 181291 183418 183669 183752 183991 185209 193788 194320 195982 201843 203624 206388 210159 216749 218927 219057 222567 222804 223188 224200 224644 224900 225108 226363 230349 232869 233058 241028 257748 261585 283725
154446 153084 154447 154448 154449 154450 154451 154452 154453
154447 154768 154808 154866 156840 163676 163784 164811 165226 165426 166947 167101 169146 169414 170849 170867 170942 171401 171496 171653 175195 175525 175884 177538 177812 178084 179950 180054 181363 183191 183418 183640 183689 183720 183752 183931 183991 184131 185314 185444 185467 188395 189533 189916 189927 190018 191627 191829 191852 191970 192350 192381 193505 193744 193773 193774 193786 193864 194177 194320 194502 195538 195938 195941 196203 197690 198308 199691 199692 199722 201843 203624 203757 204039 205980 206523 206536 206707 206764 207969 208028 208168 209802 210092 210159 210429 212149 212356 212405 212465 214232 214599 214692 214893 214938 215964 216569 217007 217943 218000 218008 218100 218101 218191 218309 218311 218354 218356 218359 218377 218379 218424 218452 218576 218586 218594 218667 218702 218707 218729 218802 218810 218822 218834 218847 218861 218868 218895 218906 218919 219051 219057 219100 220101 220166 220174 220210 220246 220331 220339 220419 220497 220600 220627 220877 220896 220914 221079 222061 222229 222236 222334 222344 222454 222523 222567 222571 222612 222729 222732 222733 222799 222864 222974 223091 224112 224120 224177 224200 224288 224494 224548 224640 224644 224734 224747 224843 224910 225101 225108 225140 226154 226516 226593 226604 226675 230228 230231 230245 230250 230306 230307 230312 230313 230316 230340 230356 230989 231039 233011 233320 236885 242797 245539 245581 245619 247238 249830 255814 257291 257748 258946 259163 259493 263279 263481 263602 264044 265286 267790 271400 277950 279889 281737 281878 282244 282455 283581 283683 283725 283774 283791 283844
154448 157334 162982 163784 166847 168966 170849 171401 175884 181291 183407 183669 184131 185467 185479 191715 192418 193786 193788 194177 195941 203624 205986 208028 214232 214938 215891 217007 218004 218356 218729 218802 218810 219100 220101 220174 220627 220896 222334 222496 222523 222612 222729 222732 222733 224271 224419 224494 224532 224548 226363 230356 231058 236885 242972 263481 263706 282271 283725
154449 155546 157334 165226 165426 166847 168966 169146 170867 177538 178084 179950 181291 183217 183407 183720 183991 185209 185314 185467 189533 191734 192410 193748 193774 193804 193934 194177 195941 197493 199692 203624 203717 204245 205986 206167 206523 206707 209802 210159 212292 212465 214692 214938 214952 216582 217943 218238 218309 218311 218504 218586 218594 218707 218834 218861 218956 219051 220175 220227 220331 220535 220600 220877 220914 221097 222028 222236 222344 222368 222454 222567 222732 222879 222974 223091 224112 224548 224843 224870 224910 225108 225140 226154 226363 226695 230245 230250 230290 230306 230311 230312 230316 230340 230989 231039 233058 236885 245619 247046 247238 249830 255814 259261 263602 265286 267790 282244 283725 283773 283774 283791
154450 154866 160986 163784 168913 168969 170867 170942 171401 171496 181363 183217 183418 183931 188395 191715 193505 193774 199692 205986 206167 206388 208080 208168 212149 212356 212726 214120 214599 214938 216492 216572 216582 216600 218354 219051 220497 222974 224120 224331 226516 226551 228337 230228 230245 230290 230307 230311 230313 230315 230324 233320 245581 263254 263627 265286 267780 277950 282520 284237
154451 157334 170867 170942 181363 183752 183931 185467 185479 193788 193804 195941 198307 203624 206523 206789 210159 212465 214232 214938 216582 217943 218594 218707 220210 220419 224288 224900 230290 230296 230306 230312 230315 230316 230349 233058 255814 259261 279889 283725 283774 283791
154452 154768 154808 155546 156840 157334 158613 162982 163676 163784 164811 165226 165426 166847 166947 167101 168913 169146 170849 170867 170942 171401 175195 175525 175884 177538 177812 177815 178084 179950 180054 181291 181363 181769 182087 183191 183217 183407 183418 183640 183689 183720 183752 183931 183991 184131 185209 185444 185467 185479 188160 188395 189533 189916 189927 190018 191627 191734 191829 191914 191970 192381 192410 192418 193505 193744 193773 193774 193786 193788 193794 193804 193864 194177 194320 194502 195538 195941 195982 197493 197690 198307 198308 199691 199692 199722 201843 203624 203757 204039 204245 205981 205986 206167 206523 206707 206789 207969 208028 208080 208168 209802 210092 210159 210429 212109 212292 212356 212405 212465 212614 214232 214599 214692 214893 214938 214952 215891 215964 216259 216569 216572 216582 217007 217943 218000 218004 218008 218100 218101 218191 218238 218266 218279 218309 218311 218354 218356 218359 218377 218379 218424 218452 218504 218576 218586 218594 218667 218702 218707 218729 218802 218810 218822 218834 218847 218861 218868 218895 218919 218956 219018 219019 219034 219051 219057 219100 219995 220101 220166 220174 220175 220210 220227 220231 220246 220311 220331 220339 220419 220600 220620 220627 220761 220877 220896 220914 220933 221079 222028 222061 222229 222236 222334 222344 222454 222496 222523 222567 222571 222612 222729 222732 222733 222799 222804 222879 222974 223091 223205 224177 224200 224271 224288 224419 224494 224532 224548 224640 224644 224734 224747 224843 224900 224910 225101 225108 225140 226154 226363 226604 228690 230224 230228 230231 230245 230250 230254 230263 230290 230296 230306 230307 230311 230312 230313 230315 230316 230324 230340 230349 230356 230989 231021 231039 231058 232869 233011 233058 236885 240893 241028 242797 242972 244951 245619 247238 249830 255814 257748 258946 259163 259261 259493 259642 261585 263254 263279 263481 263602 263706 264044 265286 265881 267780 267790 271400 277950 279889 282244 282455 282520 283581 283683 283696 283725 283773 283774 283791 283844
154453 154768 154808 155546 156840 157334 163784 164811 165226 166847 166947 167101 169146 170867 171401 175525 175884 177812 178084 181291 181363 181769 183191 183407 183418 183640 183689 183720 183752 183931 183991 184131 185209 185314 185429 185444 185454 185467 185479 188395 189927 191734 191829 191970 192350 192418 193505 193744 193773 193774 193786 193788 193794 193804 193864 194177 194320 195941 195982 197493 199691 199692 199722 203624 204039 205986 206523 206536 206789 207969 208028 208168 209802 210092 210159 212356 212405 212465 212614 214599 214692 214938 215891 215964 216569 216572 216582 216593 217007 217943 217960 218000 218008 218100 218101 218238 218266 218309 218354 218356 218359 218377 218379 218424 218452 218504 218576 218586 218594 218702 218707 218729 218802 218810 218834 218847 218895 218906 218956 219018 219034 219051 219057 219100 220101 220166 220174 220210 220227 220231 220246 220311 220331 220339 220419 220497 220600 220627 220877 220896 220914 220933 221079 222028 222061 222229 222236 222334 222344 222454 222496 222523 222567 222571 222612 222729 222732 222733 222799 222804 222879 222974 223091 223184 224177 224288 224419 224494 224532 224640 224734 224747 224843 224900 224910 225140 226154 226363 230224 230228 230245 230254 230263 230296 230306 230307 230311 230312 230313 230315 230316 230324 230340 230349 230356 230989 231039 232869 233058 233320 236885 242797 244951 245619 247619 249830 255814 257748 258946 259261 263279 263481 263602 263706 264044 265286 267790 277950 281878 282244 282271 282455 282520 283581 283683 283696 283725 283774 283791 230250
156494 183191 185479 193786 218729 224494 230315 263481 282271 282455
156495 193786 193788 214232 218729 220101 224494 230315 230356 231021 263481 283725
156496 177812 193786 206707 220311 224288 283791
215891 1424 154750 154760 154776 154815 154835
217943 154750 154760 154812 156841
219995 153084 154479 154733 154771 154774 154775 157680
230228 1424 154750 154774 154775 154776 154799 154811 155547 160988
230231 1424 154750 154760 154799 154810 155547 160988
170849 1424 154750 154771 154775 154798 154799 154815 154835 154867 154869 154871
230245 1424 153322 153482 154750 154760 154769 154772 154773 156841 170886
203624 153084 154750 154760 154772 154773 154811 154812 154815 154867 154869 154871 156841
217960 154750 154760 154774 154775 155547 160988
226154 154760 154811 154812 156841
230250 1424 154750 154760 154774 154775 154776 154810 155113 155547 156841 160754 160988
222061 1424 153083 154750 154760 154772 154775 154799
230254 154750 154760 154769 154772 154799 154812 155547 156841 170886
154479 168913 168966 169304 175578 177815 183217 183669 189604 190018 191624 191627 191654 191715 191914 196231 197821 198280 201843 205981 205982 212109 214952 216259 216749 218822 218861 218878 218919 218927 220620 220761 223188 224644 224910 225112 226255 226601 226604 226695 226897 230981 231012 233011 236450 241028 241566 247046 251821 255771 257083 257291 259642 263983 267780 283773 182087
224112 153084 154771 154815 154871
170867 154750 154760 154772 154773 154799 154812 155113 155547 156841
197493 154750 154760 154769 154772 154773 154799 154812 156841 159216 170886
230263 154760 154867 154869 156841 160987
224120 153079 153322 154750 154760 154772 154868 160988 308674 343612
185209 154771 154798 154799 154811 154815 154871
318337 206167 214854 219019 220535 222772 230340 231021 245581
258946 1424 154760 154815 154867 154869 154871 156841
170885 153322 153482 154760 154799 154815 160987 170886
170886 205986 226551 230290 230311 230316
209802 1424 154750 154760 154771 156841
218000 1424 154760 154771 154772 154773 154815 154835 154867 154871 156841 160754
230290 153322 153482 154760 154772 154798 154810 155547 160987 160988
218004 153084 154771 154775 154815 154871
158613 153084 154799 154811 154871
183191 1424 153084 154750 154760 154772 154773 156841
218008 1424 154750 154760 154769 154772 154773 154799 154815 154836 154867 154869 154871 156841 159263
222028 154760 154773 154812 154867
230296 154750 154760 154769 154773 154799 155547
215964 154760 154812 154867 154869 156841
230306 153084 154750 154799 154812 156841
230307 1424 154750 154760 154769 154770 154799 155547 160988 329373
236450 153079 153084 154733 154771 154799 154815
230311 154760 154799 154812 156841
230312 154798 154815 154867 154869 154871
230313 1424 154750 154760 154799 154810 155547
230315 154760 154772 154799 154812 154815 154867 154869 154871 156841
230316 154760 154772 154799 154811 154812 156817
185264 153083 154799 154871 155547 159263
183217 1424 153084 154733 154750 154798 154799 154810
224177 1424 154760 154769 154772 154773 156841 329373
230324 153482 154750 154760 154772 154799 154812 154815 154836 154867 154869 154871 155547 163785
283581 1424 154750 154760 154774 154775 154776 154799 160988
170942 1424 153482 154760 154867 154868 154869 154870 154871 160987
166847 154798 154812 154867 156841
230340 154760 154811 154812 154867
203717 153083 153084 154798 154799 154815 154871
175046 153083 153084 154733 154771 154798
220101 1424 154750 154760 154773
224200 153079 153084 154771 154774 154775 154811 154815 154871
164811 1424 154750 154760 154771 154774 154811
230349 154760 154799 154811 154812 154867 154869 154871
226255 153084 154733 154771 154799 154815
168913 154733 154810
195538 153079 153084 154775 154776 154799 154871
230353 153084 153482 154798 154799 154810 154811
230356 154760 154812 156817 156841
195542 153084 154760 154771 154772 154776 154815 160988
193505 154750 154760 154773 154811 154812 160988
185314 154760 154773 154812 154867 154869 156841 159216
203757 1424 153084 154799 154815 154871 156841 160988 308520
228337 154750 154760 154815 154835 154868 154871 160988
160754 163784 165224 165426 166947 175195 180054 181363 183720 184131 189798 189916 190018 191970 192381 199691 212292 214938 216259 218100 218279 218356 218377 218702 219051 220419 220933 222496 225101 225140 240893 245619 259493 279889 282520 283774
218100 154760 154815 154867 154869 154871
218101 1424 154750 154760 154769 154773 154774 154775 154815 154867 154869 154871 308674
166905 153294 154750 154815 154835
168966 153084 154733 154798 154799 154810
220166 1424 154750 154760 154773 154774 154775 154776
168969 153084 153482 154750 154760 154772 154799 154810 154868 160987 308674
199691 1424 154750 154760 154811 155547
199692 1424 154750 154760 154770 154772 154774 154775 154776 154799 155547 159263 160987 160988
220174 154750 154760 154769 154773 154799 154812 155547 156841
220175 154771 154798 154799 154810 154815 154871 155113 156841 160987
224271 153084 154733 154771
224276 154750 154760 154772 154799 154815 154835 154868 162896
222229 1424 153322 154750 154760 154769 154771 154772 154773 154774 154775 154776 154815 154836 154867 154869 154871 155547 156841 156842 159263 163785
222236 154760 154812 154867 154869 154871 159263
224288 153084 154750 154799 154812
166947 1424 154750 154760 154769 154773 154775 154799 155547 329373
283683 1424 154760 154867 154869 156817
271400 154771 154774 154775 154871
199722 154760 154773 154799 154812 154815 154867 154869 154871 156841
181291 154760 154772 154798 154811 154812 154867 154869 154871
283696 153084 154798 154799 154810 154811 154871
220210 154812 154867
197690 153083 153084 154771 154774 154775 154798 154810 154815 154871
226363 154760 154773 154811 154812 154815 154867 154869 154871 156841
257083 153084 154733 154815
220227 154760 154772 154773 154811 154812 154867
265286 154760 154773 154799
220231 154750 154773 154799 154812 154815 154867 154869 154871 156841
224331 153083 153084 154733 154771 154775 154815
283725 154760 154811 154812 154867 154869 154871
218191 1424 153083 154750 154774 154775 154776 154811
162896 206671 214119 216492 216600 221089 226551 226593 226675 231034
210001 153083 153084 154798 154799 154815 154871
185429 154750 154815 154835 154871
220246 1424 153084 154750 154760 154769 154772 154773 154811
263254 154760 154772 154798 154815 154871 160987
175195 154760 154771 154772 154799 154815 154867 154869 154871 156841
259163 1424 153084 154750 154771 154775 154798 154810
189533 1424 154771 154774 154775 308520
207969 1424 154750 154760 154772 154773 154836 155547
185444 1424 154750 154760 154775
214119 154750 154760 154815 154835 154868 154871 160988
214120 153079 154750 154760 154815 154868 154871
154733 162982 169304 175578 177767 183669 189604 190018 191624 191627 191654 191715 191914 196231 197821 198280 201843 205981 205982 208029 208373 214952 216259 216749 218822 218861 218878 218919 218927 220620 220761 221158 222368 223188 224644 225112 226601 226604 226695 226897 230981 231012 233011 241028 241566 242972 245539 247046 251821 255771 257291 263983 267780 283773
185454 153322 154769 154770 154799 154815 155547
183407 153083 154750 154774 154775 154799 154812 156841 160988
242797 1424 153322 154750 154760 154772 154810 155547 156817 160987 343612
263279 1424 154750 154760 154773 154774 154775 154815 154867 154869 154871
181363 1424 153079 153084 154750 154774 154775 154799 154811 155547 160988
201843 153084 154771 154811 154815 154871
183418 153322 154750 154760 154799 154811 154812 154815 154867 154869 154871 156817
185467 1424 154867
283773 153084 154771 154799 154815 154871
154750 155546 156840 163676 163784 165794 169414 171401 171496 171653 175525 177538 177812 178084 181769 183931 183991 188395 189927 191970 192350 193744 193794 193864 194177 195938 196203 204039 205980 206388 206536 206671 208168 210092 212149 212356 212405 212465 212726 214599 214692 214713 214893 214938 216572 216582 216593 217007 218266 218279 218311 218354 218359 218379 218424 218667 218702 218834 218906 219051 219100 219132 220339 220497 220600 220896 221079 222334 222344 222454 222567 222571 222732 222974 223184 224640 224734 224747 224843 225140 226516 226551 226593 226675 230224 230989 231034 232869 233320 236885 245619 249830 259261 263602 264044 267790 277950 279889 281878 282455 282520 283774
218238 154760 154769 154812 154867
222334 154760 154812 155547
283774 154760 154772 154799 154810 154812
195717 153084 154798 154799 154810 154815
185479 154760 154772 154812 154867 154869 156817 156841
154760 154768 154866 155546 156840 163676 165226 167101 169414 171401 175525 183640 183689 183991 184131 189927 191734 191829 191970 192350 192418 193773 193774 193786 193794 193804 193864 194177 194320 195982 204039 205980 205986 206388 206536 206671 206789 208028 208080 208168 212356 212405 212726 214599 214692 214713 214893 216492 216569 216572 216582 216600 217007 218266 218309 218311 218354 218356 218359 218377 218379 218424 218452 218504 218586 218702 218802 218810 218834 218847 218895 218956 219051 220331 220339 220419 220600 220627 220877 220896 220914 220933 221079 221089 222344 222454 222496 222567 222571 222612 222729 222732 222733 222799 222879 223091 224419 224494 224640 224734 224747 224843 225108 226516 226551 226593 226675 230224 231034 231039 233320 236885 247619 249830 257748 259261 263481 263602 263706 264044 282271 282455 283791
191624 153083 153084 154798 154799 154810
222344 154812
191627 1424 153084 154815 154871 156841
281737 153084 154798 154799 154810
212109 154771 154774 154775 154815 154871
283791 153084 154799 154811 154812 160988
154768 1424 154769 154770 154771 154772 154773 154774 154775 154776
154769 155546 171401 175525 193804 194177 212405 217007 218356 218847 220331 222733 222879 222974 224640 232869 263481
154770 163784 194177 218309 222454 224640 224747
154771 160986 165426 175884 177767 177815 182087 183669 184131 189604 189916 189927 190018 191654 191829 191852 191914 192381 193774 193934 194502 196231 198308 204039 205981 205982 206167 206764 208028 208080 208373 210159 212292 212614 214854 214952 216259 216492 216569 216749 218354 218377 218452 218512 218729 218802 218810 218919 218927 219018 219019 219034 220419 220600 220620 220627 220761 220933 221089 221097 222368 222496 222523 222612 222799 223188 223205 224419 224494 224532 224548 224617 224870 224910 225108 226601 226604 226695 228690 230981 231021 231039 231058 233011 240893 241028 242972 245581 247046 251821 255771 257291 259493 259642 263602 265881 267780 271644 283844 284237
154772 165224 167101 171401 171496 175525 183640 183689 183991 189927 191970 193774 193794 193804 193864 194177 195982 204039 205980 205986 206388 206671 206789 208168 212149 212405 214599 216492 216569 216582 217007 218309 218379 218702 218895 219051 220339 220419 221079 221089 222732 222733 223091 226551 226675 230224 231034 236885 249830 259261
154773 165226 171401 175525 178084 182087 183689 183720 183991 184131 189916 191829 192381 194177 214232 216259 217007 218309 218354 218356 218452 218504 218586 218729 218834 218895 219051 220331 220339 220627 220877 222454 222567 222571 222733 224747 233011 236885 244951 247238 249830 263481 264044
154774 165794 171653 175884 177538 180054 182087 183931 183991 188395 190018 191914 192418 208080 212292 212356 214599 214893 217007 218279 218311 218377 218452 219034 219051 220419 220896 222496 222567 222612 222799 223205 224548 233011 244951 259493 264044 267780 271644 277950 282520
154775 162982 163676 171653 175525 175884 177538 180054 182087 183931 183991 188160 188395 190018 191852 191914 192381 192418 193744 193864 194502 198308 206388 208028 208080 210092 210429 212292 212356 212614 214599 214692 214893 214952 216569 216572 216593 217007 218279 218311 218359 218377 218452 218802 218810 218822 218927 219034 219051 219100 219132 220419 220620 220627 220761 220896 220933 221079 222496 222567 222612 222799 222974 223184 223205 224419 224548 224747 224870 225139 225140 226695 228690 230989 233011 240893 244951 245581 245619 247238 251821 259493 259642 263627 264044 267780 277950 279889 282455 282520
154776 171653 175884 180054 182087 183931 188160 191914 192418 193744 194502 206388 218279 218359 218377 220620 220896 220933 222567 222799 223205 224548 224870 233011 244951 245619 251821 259493 259642 263627 264044
156817 163784 169146 193804 193864 214232 214599 218707 218847 220914 220933 222879 224734 226604 263706
218266 154812 156841
220311 154815 154867 154869 154871
205980 153084 153322 154868 155547 160987 308674
205981 1424 154815 154871
205982 154798 154799 154810 154815 157680 160988
208028 153084
208029 153083 153084 154798 154810
222368 153083 153084 154798 154799
205986 153322 153482 154812 154815 154867 154869 154871 159263 160987
224419 154815 154871 308674
189604 153084 154810 154815
162982 154815 154871
191654 153084 154799 154815
156840 1424 156841 156842
156841 157334 163676 167101 178084 181769 183640 183720 183991 184131 189916 191734 191970 193788 193794 193804 206789 212405 212465 216582 218356 218424 218586 218702 218707 218895 218956 220339 220877 222567 222732 222733 222879 222974 223091 224734 224843 224910 225108 226604 230224 231021 236885 257748 259261 264044 282520
156842 206536 208168 217007 219132 223184 236885
218279 1424 153084 154799 155547 160988
210092 1424 154815 154867 154869 154871
220331 1424 154815 154867 154869 154871
154798 154808 160986 163784 169304 177767 183669 183752 191852 192381 192410 193748 193934 196144 196231 197821 198280 204245 206167 206523 206764 208373 210159 210429 214854 214952 216259 216749 218512 218576 218868 218878 218919 218927 219018 219019 220535 222772 222804 222864 223205 224616 224617 225101 225108 225139 226695 226897 230644 230981 231021 231058 232869 240893 241566 242972 245539 245581 247046 247238 255771 255814 261585 261922 263983 265881 267790 273628 277950 282520 283844 284237
154799 155546 160986 163784 165226 171401 177767 177815 184131 188160 188395 191852 191914 192381 192410 193744 193794 193934 194177 195938 196144 196231 198280 198307 204245 206167 206388 206523 206764 208168 210159 212292 212356 212405 212465 214854 214938 216569 216582 216593 218379 218834 218878 218927 219018 219019 219051 220339 220535 220761 220896 221097 221158 222567 222772 222804 222864 223205 224494 224616 224617 224747 224843 224870 225101 225108 225139 230224 230644 230981 230989 231021 231039 231058 232869 236885 241028 241566 242972 244951 245581 247619 257291 259261 261585 261922 263627 264044 265881 267790 271644 279889 282271 282455 282520 283844
230224 154811 154812
220339 1424
212149 153079 154868 154870 155547 160988 308674
154808 153084 154810 154811 154812
154810 155546 169304 175578 180054 183669 191852 192381 192410 193748 193934 197821 198280 198308 204245 206167 206523 208080 208168 210159 210429 214854 214952 216259 218512 218576 218868 219019 220535 222772 222864 223205 224616 224617 226604 226695 226897 230644 231021 233011 236885 242972 245581 247238 261922 263983 264044 271644 283844 284237
154811 177812 183752 183991 188395 193788 194320 206388 216572 218707 218927 219057 220600 220620 221079 222567 223091 224644 224900 225101 225108 231021 232869 233058 257748 261585 282455
154812 155546 157334 167101 169146 177812 178084 183689 183752 191734 193786 193788 193794 193804 204039 206789 212405 212465 216582 218504 218576 218707 218956 219057 220914 222879 224640 231039 233058 249830 257748 259261 263481 263706 267790 282244 282271
167101
169146 154867 154869 159263
154815 165794 169414 171401 171496 171653 177815 179950 180183 181769 183991 189916 191715 191829 191914 191970 192350 192381 192418 193773 193774 195938 196144 196203 197821 198307 204039 206167 206536 206789 208080 208373 210159 212614 212726 214713 214893 216492 216600 216749 218309 218354 218512 218576 218667 218729 218802 218810 218906 218919 218927 219018 219051 219100 219132 220627 221079 221097 221158 222523 222567 222571 222612 222729 222799 222804 223184 223188 224532 224616 224617 224734 224843 224870 224910 225108 225112 225139 226601 226695 226897 228690 230644 231012 231021 231034 231039 231058 232869 233320 240893 241028 242972 245539 245619 247046 251821 255771 257291 257748 261585 263627 265881 271644 273628 281878 282271 283844 284237
197821 153084
259261
216259 153083
283844 153084 154871
218309 1424 154867 154869 154871
218311 1424
193744 1424 329373
208080 153084 154868 154870 154871
154835 165224 165794 171496 171653 179950 189798 191970 192350 195938 196203 206536 214713 214893 216600 218729 218906 219100 219132 222799 223184 226593 231034 245619 281878
154836 171401 192381 206167 219018 222804 265881
193748 153084 153553 160987 163785
226516 154868 155547 160988
244951 153083 153482 159263
214232
160986 153084 155547 160987 160988
160987 169414 171496 198307 206764 214599 221089 222804 226593
160988 163784 206388 208168 212356 216569 216593 216600 220497 222454 222804 224843 230989 231021 245619 247619 279889 282455 282520
273628 153084
191715 153084
230644 153079 153083 153084 308520
193773 1424 154867 154871
193774 1424 153083 153084 154867 154871
210159 153084 154871 308674
224494 1424
154866 1424 154867 154868 154869 154870 154871 308674
154867 171401 179950 181769 183640 183752 183991 191734 191970 192418 193786 193788 194320 195941 204039 206707 206789 214893 218354 218504 218586 218594 218667 218729 218802 218810 218956 219051 219057 219100 220627 220914 222523 222567 222571 222733 222799 224734 224843 224900 231034 231039 232869 233058 245619 257748 263481 263706 282244 282271
154868 169414 171496 206388 206671 212726 214599 214713 216492 216600 221089 226551 226593 226675 231034
154869 169414 171401 171496 179950 183991 191734 191970 192418 193786 194320 204039 206789 214713 214893 218354 218504 218576 218667 218729 218802 218810 218956 219051 219057 219100 219132 220627 220914 222567 222571 222799 224734 224843 224900 231034 231039 232869 233058 245619 257748 263481 263706 281878 282244 282271
154870 169414 171496 212726
154871 165426 169414 171401 171496 179950 180183 181769 183991 184131 189916 191734 191829 191914 191970 192350 192381 192418 193786 193788 194320 195938 195941 195982 196203 198307 204039 206167 206789 210429 212614 212726 214713 214893 216600 218354 218576 218667 218729 218802 218810 218822 218861 218906 219018 219034 219051 219100 219132 220627 220914 221079 222523 222567 222571 222612 222729 222799 222804 223184 224532 224734 224843 224910 225108 226675 228690 231034 231039 231058 232869 240893 241028 242972 245619 257748 259642 265881 281878 282244
191734
218354 1424 155547
193786
218356 1424
193788
218359 1424
222454 153084 155547
226551
240893 153084
193794
220419 1424
247046 153084
204039
218377 308520
218379 1424
193804
257291
224532 153083
281878
242972 153083 153084 153294
271644
222496 153083
226593
224548 1424
208168 1424 155547
226601 153083 153084
308520 194502
226604 153084
218424 1424 329373
263481 153084 159216 159263
222523 1424
212292 153084
193864 1424
220497 153079 155547
228690
279889 1424 155547
218452 1424
191829
236885 155547
206167 153084
169304 153084 157680
183640 1424
195938 155547 329373
195941 1424
189798
222567 1424 155547
165224
224616 153084
165226 159263
222571 1424
191852 153084
224617 153553
226675 153079 153322
183669 153084
220535 153084 153553
224640
177538 1424 153083 329373
212356 1424 155547
224644 153084
241028 153084
226695
218504 159216
171401 1424 153482 155547 343612
183689
193934 153084
195982
1424 163676 165426 175525 179950 183931 183991 188160 188395 189927 191970 194177 194320 198308 206388 214599 214692 214893 214938 216572 217007 218586 218667 218702 218729 218802 218810 218847 218895 218906 219100 220627 220877 220896 221079 222732 222799 222974 223091 223205 224843 225140 230989 231058 233320 245619 255814 261585 263602 264044 277950
218512 153079 153084
222612
175525
232869
259493 153079 153083 153084
183720
191914 153084
216492 153482
263602
212405
220600 153084
277950 155547
308674 169414 171496 188160 206523 222733
169414 153079 153322 153482 155547 157680
247238 153083 153084 153482
183752 153084
263627 153084
220620
218576
261585 153084
220627 343612
204245 153083 153084
175578 153084
218586 153084
189916 153084
224734
191970 153084
218594 153084
189927
171496 153079 153084 153482 155547 343612
155113 178084 198307 206764
224747
159216 222733 223091
212465
208373 153083 153084
153079 183931 192418 196144 206388 216569 216572 219051 225140 233011 259642
216569 153083 153084
153083 165794 177767 177815 180183 190018 192381 194177 194502 196144 196231 198280 210429 216572 216749 218861 218878 218927 221097 221158 222864 223188 224870 225139 231012 241566 245539 255771 263983
153084 163784 177767 177812 177815 180054 182087 183931 188395 190018 192381 192410 194502 196144 196231 198280 206707 206764 210429 212726 214692 214854 214952 216593 216749 218868 218878 218919 218927 219018 219019 221097 221158 222772 222804 222864 223188 223205 224870 225101 225108 225112 225139 225140 230981 231012 231021 231034 231039 231058 233011 241566 245539 245581 255771 261922 263983 267790 282520
210429
216572 155547
267780
216582
181769
222729
222732
222733 159263
267790
216593 155547
216600
263706
159263 180183 219051 223091
218667
196144
165426
233011
206388 153322 153482 155547 343612
222772 153553
259642 157680
343612 222799
190018
230981
214599 153322 155547
224843
230989 155547
218702
222799
284237
226897
218707
222804 153322 153482 163785
220761
233058
231012
224870
177767
218729
196203 155547
231021 153322 153553
231034 153322
183931 155547
231039
194177 155547
224900
171653
212614
196231
198280 157680
282244
224910
222864
231058
177812
157334
177815
265881
329373 165794 218834
222879
282271 163785
198307 153322 153482
198308
214692
216749
218802
183991
214713
218810
206523
218822
206536
220877
153294 180183 263983
218834 155547
257748 163785
218847
220896
153322 206764 212726
218861
179950
220914
218868
212726
218878
222974
188160
220933
175884
218895
194320
218906
255771
261922 153553
245539
218919
218927
263983
184131
247619 153482 155547 163785
214854
182087
255814
218956
225101
245581 153553
206671 153482
225108
180054
282455 155547
225112
163676
192350 155547
233320 155547
264044 155547
214893
206707
223091
225139
225140 155547
245619
192381
153482 206764
219018
219019
221079
282520 155547
155546 155547
155547 178084 180183 188395 206764 214938 214952 219051 219100
192410 153553 163785
214938
219034
241566
221089
165794
192418
178084
214952
221097
219051 163785
206764
251821
217007
219057
206789 163785
194502
163784 163785
163785
223184
153553
223188
180183
219100
223205
221158
249830
188395
157680
219132
