2105 2
27334 0.07017936 0.90062195
27333 0.95509803 0.14908032
66441 -0.17446762 1.2945558
3307851 1.1150572 0.08955835
1554168 -0.13981576 1.2368124
797719 -0.27224898 1.4819462
16642 -0.05547723 1.1046896
695878 1.1875464 0.05996399
782097 1.2930664 0.020656316
238498 -0.07015546 1.1229732
789489 0.05152314 0.9394913
190213 -0.2389668 1.4133294
393769 1.1606468 0.0739292
232821 -0.115915254 1.2090899
782095 1.4490386 -0.04341198
784113 1.2988082 0.011360427
782628 -0.04284113 1.0831809
696661 0.9903172 0.14261997
89493 1.1136281 0.08477512
285281 1.3472093 -0.009934128
244247 -0.2559215 1.4540029
6233 -0.0032742675 1.0158573
74863 1.4299427 -0.0378256
785467 0.041138507 0.9408097
782102 1.2874331 0.013658295
262653 -0.2655231 1.4768766
192284 1.201356 0.042047672
517169 -0.124761514 1.2127032
794289 -0.26052824 1.4612968
39647 1.2070411 0.049078222
244003 -0.047160055 1.0918394
783953 1.0549033 0.11781743
785403 -0.11441235 1.2028141
30989 -0.2197828 1.3976815
783402 1.1015817 0.10020962
788646 1.3849096 -0.017301293
782103 1.4448246 -0.03594288
262481 -0.11399777 1.1859313
788453 -0.15404515 1.2638073
785465 -0.122036226 1.2139248
244248 0.054266576 0.9390339
794376 1.3476799 -0.0024000488
788984 1.5121708 -0.062139694
782093 1.4492542 -0.042966653
3167688 -0.19866589 1.3462412
489012 1.100942 0.08531416
799226 -0.24444626 1.4440442
782715 1.1565777 0.06330833
800884 -0.13339356 1.2401919
800143 -0.17133863 1.2971214
790957 -0.15444447 1.2623899
799222 -0.29894972 1.5303539
785402 -0.04218264 1.0834904
785400 -0.18785387 1.3331012
787523 -0.04704351 1.0875953
784751 1.1814659 0.063344955
802816 -0.25973418 1.4581363
789457 -0.23341492 1.4071827
45122 1.3052658 0.01163726
6209 -0.032982364 1.0669727
363521 1.1819745 0.06529986
796287 -0.089075975 1.1663548
793613 -0.12510176 1.2098405
784119 1.5732945 -0.080360815
784422 1.1553258 0.064212464
787640 1.2896286 0.01871174
478802 -0.045203365 1.081899
794251 -0.21959056 1.3785399
33412 0.32592043 0.60086966
787639 0.040267833 0.95351744
792877 -0.1563221 1.2660005
796374 0.036909465 0.9453998
785832 -0.13810393 1.2413899
457497 1.2339395 0.046734903
793764 -0.2052282 1.350992
23238 -0.14743897 1.2758508
324674 -0.25841817 1.4664228
787654 1.2955688 0.01325162
537649 -0.03952819 1.0761224
221319 -0.057100836 1.1023563
222221 -0.105039105 1.1713086
244148 0.002104216 1.0219933
784447 1.419995 -0.041377317
244181 -0.12505628 1.2216228
49389 1.1157627 0.08754744
785515 -0.2586605 1.457258
782623 -0.08156054 1.1422951
797154 -0.11145515 1.19226
794907 -0.17850372 1.302231
790959 1.0957862 0.09505247
426457 -0.15582779 1.2681167
782717 1.0491931 0.11284473
798309 -0.20449841 1.3561913
784206 1.4801354 -0.062295385
793610 0.030365571 0.9608158
791860 -0.17699364 1.2944683
793619 -0.1882931 1.3349462
793614 -0.17928484 1.2951734
794399 1.3808441 -0.026579775
803861 -0.25226292 1.4422444
804532 -0.23953 1.4078537
155382 0.8646484 0.21483663
244244 -0.088481076 1.1454762
809566 -0.21169195 1.3628011
176598 1.0049504 0.14553235
64689 1.1602213 0.06797384
784201 1.5452706 -0.07505089
802461 -0.14471869 1.2329055
799225 -0.30574483 1.545807
785724 -0.1172228 1.2162215
784022 -0.27742773 1.4898773
130088 0.07908102 0.8993044
561274 -0.045789268 1.0926361
797717 -0.24903195 1.4346293
788244 0.13774206 0.819334
694349 -0.019169532 1.0413831
811392 -0.20296024 1.3301793
782728 0.8648115 0.18944517
797720 -0.116109066 1.1878762
818784 -0.32425556 1.585336
788833 -0.009809739 1.0355595
803679 -0.19787683 1.3391104
801919 1.154301 0.07385624
191389 0.9862621 0.14361928
191208 1.1930038 0.047106333
782464 1.180735 0.06289406
784453 1.1626546 0.05767472
155400 0.8365151 0.23212256
783405 1.3773135 -0.01219218
787927 1.0535293 0.11556612
262672 0.010930671 0.99212015
782101 0.96693 0.14512648
790311 -0.14488532 1.2442583
476237 -0.20557643 1.3590965
802436 -0.22196628 1.3804339
784790 -0.17637679 1.313147
794450 0.9020507 0.18764736
791005 1.2651895 0.017426386
783950 1.013109 0.13618365
791243 1.2645903 0.023999609
789951 0.9674209 0.15592374
784205 1.2736416 0.027182177
796376 -0.19782482 1.3414326
73256 1.4274329 -0.029169826
789553 1.4366081 -0.047493532
786285 1.2318085 0.03688357
794452 0.7530547 0.2724303
161722 -0.21614528 1.3823496
73723 1.2175573 0.049874254
794777 1.3822757 -0.014122687
784433 1.2375262 0.04483449
784419 1.52302 -0.073969185
789623 -0.15707652 1.2721663
795928 -0.24177517 1.418703
787942 1.2210355 0.046597432
95380 -0.052974034 1.1053122
782973 1.3950195 -0.015114203
796379 -0.1872737 1.3169411
787239 1.200652 0.04350911
450359 0.94150835 0.17336658
800690 -0.05541394 1.0974655
797685 1.1741081 0.05716253
87716 1.0539935 0.11180721
807064 -0.06700242 1.1324526
800043 -0.18823981 1.3293132
6395 0.1521978 0.797747
797161 0.008067916 1.0018992
782710 0.113891296 0.8417332
37485 1.4273983 -0.036305714
782624 -0.17737971 1.2981142
788991 1.4190252 -0.035449583
782096 1.1112759 0.09984895
791039 1.1664112 0.067439616
475172 -0.16914128 1.2784272
786248 0.13470098 0.82186925
800983 -0.2440098 1.4332918
783926 1.1974944 0.055098392
41777 1.0733253 0.105303034
149956 1.1666461 0.07553586
788456 -0.20397793 1.3550516
788285 -0.13444096 1.2307253
307631 1.2131413 0.054528456
784430 1.4641378 -0.059824586
797157 -0.14476496 1.2534859
803860 -0.2356861 1.4020283
799156 -0.14303695 1.2326887
804536 -0.2632671 1.4752282
803778 -0.19470939 1.3370997
793615 -0.111591145 1.1984625
155323 0.9405514 0.16393404
803955 -0.1585696 1.2759911
787525 1.3957756 -0.03624181
86885 1.5941466 -0.09669418
788966 1.2052659 0.04315433
306767 -0.105540186 1.1866528
810722 -0.17269237 1.2841067
155638 0.77512866 0.26148778
782968 1.2797405 0.025492627
785745 -0.06469576 1.115254
796377 -0.29852578 1.5186254
796368 -0.12017895 1.195363
789456 -0.23294798 1.3882941
167308 0.93339837 0.16770807
45107 1.3258597 0.0082131885
88926 -0.2534197 1.4552608
782708 -0.06038473 1.1089479
790899 0.80695695 0.22251989
802371 -0.09165504 1.1618123
310033 0.059766527 0.914529
244266 -0.28882214 1.501883
30319 -0.18080676 1.3215066
473736 1.0863082 0.10292295
155743 0.22992721 0.7078648
782100 1.1361209 0.07952007
793271 -0.0019682373 1.0198661
799181 -0.18442024 1.3125685
793766 0.025462957 0.9898687
786885 1.3997748 -0.022236308
792936 0.85533124 0.21291026
36210 0.09055922 0.89291626
20877 -0.20172766 1.367924
788980 1.5857767 -0.08968897
65053 1.1385903 0.08580621
119962 -0.19798079 1.3526877
797158 -0.26143163 1.4506863
796496 0.015312191 0.99703383
784212 1.5528158 -0.08235435
802432 -0.29931536 1.5294516
797836 1.6432197 -0.10911899
797903 -0.10446234 1.177872
797848 1.4951619 -0.057396594
791244 1.4173993 -0.035255995
87496 1.2907077 0.017639007
89560 -0.22042291 1.3834192
786403 1.3331307 -0.0034142642
88258 1.2388375 0.04524492
630940 0.0030888645 1.0246491
784437 1.4750408 -0.056685254
802460 -0.19489485 1.3330842
784020 -0.14756846 1.2503765
245298 0.18162489 0.76231724
784312 -0.18023677 1.3057302
65206 1.3797896 -0.005752767
328943 1.106624 0.09822827
807065 0.90043736 0.18460119
82247 1.2387613 0.036054213
783930 1.2012669 0.051825274
119362 1.1843895 0.06271628
796372 -0.27930033 1.4846964
793492 1.2933233 0.010828532
475445 -0.19227418 1.3327664
798219 -0.2914805 1.5129689
63673 -0.083157614 1.1480784
784491 -0.23925729 1.4129243
168422 1.0649713 0.118148424
802464 -0.23649403 1.4092773
784023 -0.17922103 1.3137163
786408 1.3675741 -0.010426273
88829 -0.22488302 1.4074311
788242 -0.21160202 1.3632188
788229 -0.16578776 1.2756716
788241 -0.23836711 1.4331667
31300 -0.14282952 1.2665426
37484 1.4068552 -0.028826356
47448 0.23503974 0.6993098
791863 1.0942742 0.08980303
437461 0.09890806 0.87366813
799221 -0.30896258 1.5541627
789369 -0.106877685 1.1937433
786379 -0.15011734 1.2504009
784440 1.5532801 -0.07996511
45567 1.0031466 0.14138313
37441 1.4251852 -0.022783203
782695 1.0804728 0.10243642
209812 -0.13226226 1.2363702
787643 1.167435 0.071604654
811909 -0.23847026 1.4069211
116250 1.1679755 0.0740687
25481 1.3677956 -0.0098602595
155298 0.71236765 0.29324186
797155 0.07335259 0.9067179
791262 0.013171992 0.9977302
794538 0.03450793 0.9617807
93022 -0.2547864 1.4657544
803784 -0.20974284 1.3550134
57197 -0.08406717 1.1413469
14217 1.2247331 0.048673768
789487 1.5242665 -0.07260393
794896 0.3432259 0.5906175
811822 -0.17279766 1.2862667
786685 -0.23163112 1.394334
474567 -0.030779399 1.062273
784209 1.2491943 0.033090092
788245 -0.26087466 1.4536672
240301 0.075622745 0.9093714
88388 0.90586686 0.18497813
92580 -0.14315926 1.2481064
91003 1.3694211 -0.013223231
540398 -0.041100968 1.0783907
447601 1.1076325 0.09292891
801173 -0.104348615 1.187702
782712 0.8568829 0.20053852
457379 1.0998412 0.09557655
790983 1.255211 0.030448936
57325 0.7112269 0.2994588
795128 0.017877672 0.985558
784445 1.3491623 -0.007233254
150020 1.2911295 0.02359944
212054 0.975426 0.16125625
271904 -0.04172409 1.0826167
31405 -0.27827922 1.4791721
797612 -0.22480558 1.3879852
90626 1.1271044 0.088999905
113658 0.777701 0.25459027
797615 -0.15402071 1.2693416
784208 1.5459421 -0.07857489
784126 1.0699402 0.112126805
788967 1.2067479 0.062754795
800397 -0.19391347 1.3354244
789330 1.3973708 -0.012888214
90447 1.4467114 -0.04057416
810992 -0.14890067 1.2665198
93542 -0.24945733 1.4372298
95101 -0.18724602 1.3347164
16477 1.185806 0.06981107
133449 1.2382411 0.045567587
222031 -0.046212614 1.0686954
784415 1.5019912 -0.06413231
30648 0.0127003575 0.99187857
326616 -0.060249157 1.1253649
799154 -0.026593534 1.0564492
800980 -0.15636036 1.2582781
39295 0.121163234 0.84113604
786277 0.92412806 0.16820365
541250 1.2641233 0.03260791
793617 -0.18277428 1.3168895
93831 -0.18504976 1.3110311
27746 -0.18314083 1.3303572
783928 1.244701 0.029128583
92900 -0.18847553 1.3409467
795927 0.05287782 0.9353671
86663 1.4668995 -0.042660452
789636 1.682046 -0.11824691
77887 1.0127687 0.13872838
68058 1.5807985 -0.077847
74566 0.9843253 0.13862818
784120 1.2019517 0.053331655
783931 1.4288067 -0.03276974
787642 1.0422387 0.12680802
791894 1.6923243 -0.13022454
794420 1.1344866 0.08441494
87574 1.1791897 0.070649296
207553 1.1062093 0.09979208
786251 -0.17649187 1.3012553
782722 1.3857359 -0.015286223
271888 -0.20092764 1.3580298
799391 -0.027358454 1.053625
38840 0.19428803 0.733689
801921 1.1819756 0.06329498
800689 -0.204457 1.3516127
156855 1.0935625 0.095702566
92614 -0.26316875 1.4675462
38874 0.7450899 0.27462998
45047 0.082878575 0.8823587
155353 0.8175275 0.23646554
790725 0.9225943 0.17882098
12121 0.9126882 0.17953809
81774 1.4197252 -0.017430661
244514 -0.10428471 1.1758807
803781 -0.10693204 1.180305
483299 -0.23562816 1.4010718
788393 -0.035303585 1.0731772
155316 0.91552913 0.1788671
82084 1.3204937 0.0034049882
784456 1.4525433 -0.044136867
788983 1.5486215 -0.07874836
118605 1.3183485 0.003487444
790894 1.6748384 -0.1254258
65827 1.3810261 -0.017093265
791861 0.19111684 0.74896705
801627 -0.24944407 1.4341674
28313 0.10696767 0.8757668
787864 1.2032305 0.048396356
784441 1.3853345 -0.0179366
97786 0.08999123 0.88389874
84568 0.5119163 0.4344519
787926 1.435333 -0.046271853
788981 1.3206632 0.01476079
784455 1.1928953 0.05903306
94758 -0.25606218 1.4728035
44494 1.0855981 0.107111625
662842 0.018261233 0.9822015
155578 0.8219164 0.23415749
209381 1.1635805 0.076233365
92755 -0.19236189 1.3565367
96933 -0.25150084 1.4444306
47195 1.444747 -0.032588344
792878 -0.023772594 1.0499634
130056 1.1912088 0.063083924
26626 0.94545245 0.16499542
800044 -0.1464622 1.2422261
65248 1.3386976 0.002694241
793628 1.0380205 0.123469844
797156 -0.10124553 1.1746404
782098 1.3225523 -0.0018455529
27856 -0.24634679 1.4389621
150053 1.124434 0.08555168
16539 1.0795221 0.10020663
284917 1.0885088 0.10475496
790914 1.3101771 0.010490259
799297 -0.02195117 1.0396228
782716 0.04988822 0.9417547
9063 -0.16551612 1.2827195
93741 -0.21714337 1.3779584
284495 1.59663 -0.09138253
810600 -0.18224625 1.3136116
798876 1.5828606 -0.091209754
94243 -0.2569334 1.4602568
784122 0.8776427 0.2007609
87054 1.063246 0.11568176
93534 -0.22677067 1.4067492
792144 -0.063678615 1.1094017
475781 -0.27697697 1.4817313
37423 0.8685319 0.20279801
793612 -0.14761692 1.2437674
87815 1.4343435 -0.035816234
56018 -0.17400871 1.3047949
786280 1.387633 -0.02018227
809811 -0.25178537 1.4336762
787762 1.1593888 0.069917746
33641 0.11518504 0.8536578
806876 -0.088737436 1.1527514
85658 1.5315953 -0.06360171
801256 -0.23073922 1.4106628
16711 1.1658845 0.078877196
137740 0.81358206 0.22357044
47373 0.8888106 0.19332471
308986 -0.12192501 1.2035813
97066 -0.14101012 1.2479733
786247 0.11196297 0.8710308
45476 1.1131488 0.07601701
460290 0.9420383 0.16217504
804531 -0.19714792 1.3518491
95516 0.07350147 0.9082358
789805 1.5042554 -0.069270104
6504 -0.2665572 1.4891325
784431 1.3774836 -0.013614195
803956 -0.17935506 1.305647
150193 0.8597416 0.21308275
790903 1.6980196 -0.1270004
617821 1.1373037 0.08227977
88083 1.1465076 0.08747545
92472 -0.29364148 1.5203391
17923 -0.036946815 1.049289
308247 -0.12603974 1.2087524
149467 0.78309274 0.24284121
88619 1.4245602 -0.025664087
146107 1.3203044 0.015951082
796378 -0.19154279 1.3276372
784207 1.3477478 -0.008505122
17867 -0.25457087 1.4574015
22323 -0.2839654 1.5051006
789217 0.111033276 0.85955137
789540 1.2996669 0.0073316325
81761 0.87806183 0.19285396
790895 1.4190079 -0.027298402
90794 0.8853302 0.19801506
799435 0.28466544 0.6332712
812152 -0.25102225 1.4340987
92648 -0.25930923 1.458303
457633 1.3545502 -0.010957264
786278 1.3731661 -0.022300845
785399 1.1335793 0.07770339
790427 1.1528121 0.06967159
784200 1.3766378 -0.022690294
799899 -0.09160077 1.1541396
794795 -0.20487092 1.3549694
17652 -0.2297298 1.4056362
812416 -0.27926376 1.4880116
800089 -0.25741032 1.4419173
18290 1.261427 0.035246342
786566 1.5524318 -0.08164037
807662 1.525145 -0.078149915
790995 1.127996 0.082611665
87207 1.4016296 -0.032979324
45472 1.285483 0.02300705
800141 -0.309256 1.5409087
790896 1.2500663 0.028546505
150278 1.4868331 -0.058657315
90378 1.3025283 0.021109423
790996 1.2995368 0.008178989
15600 0.8024327 0.2411162
88410 1.309708 0.014165913
815440 -0.223281 1.3805261
784452 1.2840343 0.007625029
78032 0.6368704 0.348307
789634 1.6981744 -0.12869672
788461 0.63039917 0.35186067
30972 -0.25646785 1.4583368
821957 -0.2294733 1.3971884
783406 1.2743808 0.028942123
786767 1.1723249 0.052672278
245302 -0.17581874 1.2825376
87862 1.3429534 0.0016388574
789220 0.9535044 0.17145076
93724 -0.07788025 1.144669
6604 -0.19086385 1.3284385
155915 0.24879836 0.6902837
52152 -0.22451448 1.3931972
48489 0.023363952 0.98525715
43915 -0.18050903 1.3216925
159038 1.0845153 0.10782682
84772 0.7934163 0.24750957
84285 1.4703488 -0.041103914
792938 0.81811136 0.2349437
89310 1.197864 0.05384214
91086 1.4276628 -0.03401493
262625 -0.17803384 1.3066677
84544 1.4040294 -0.018775309
805951 -0.20526455 1.3368305
806563 -0.11989285 1.1952628
92487 -0.14708586 1.2679349
88951 -0.2942019 1.5367166
97509 -0.050767016 1.088267
88208 0.29870382 0.6341119
786431 -0.15637378 1.2658846
790843 1.4075646 -0.036610782
10159 0.021203723 0.9620358
784210 1.4354813 -0.029276237
818802 -0.17237882 1.3072122
804325 -0.23897316 1.4230458
784128 1.0494112 0.117262736
403814 1.2413348 0.04035204
785398 -0.21667248 1.367784
41827 1.0975773 0.09991504
791836 -0.049146097 1.0997714
150465 -0.29135922 1.5263466
790398 1.3765982 -0.013356466
87232 1.3922211 -0.008658864
33198 -0.20532563 1.3596597
477934 -0.14161702 1.2477672
786402 1.2536359 0.034138396
799148 0.23391211 0.7051426
812199 -0.12994385 1.2163271
16543 1.4933184 -0.045318656
30430 0.06278861 0.9359934
81436 0.063332155 0.92849284
87289 1.4830672 -0.051638417
784439 1.3592584 -0.0028895494
14757 -0.20208874 1.3667052
138912 1.1549376 0.07813245
803336 0.7494898 0.27602294
16555 1.3781052 -0.013623163
787662 1.1289026 0.0818572
810828 -0.22729802 1.3827533
70765 1.3417522 0.0026789755
792950 1.0060229 0.1351782
6396 0.092569225 0.8755301
798308 0.0669716 0.90985
226735 0.2590676 0.6744203
80326 1.0894555 0.079843596
92925 -0.20383878 1.3501037
89375 1.4562665 -0.030275958
799218 -0.25663966 1.460539
6022 0.91065824 0.19012733
786203 -0.08975964 1.1556629
86752 1.4376745 -0.03832008
791462 1.3379126 -0.008538609
89485 0.9110445 0.16968594
90792 0.99258786 0.14489
796095 -0.05611537 1.106958
790994 0.66225004 0.3155268
797163 -0.16022761 1.2774987
808084 0.50916773 0.4404493
84535 1.5045875 -0.06443312
38320 1.4022621 -0.025510075
787264 0.98977876 0.1510056
75468 1.6093628 -0.10268107
788287 -0.06530363 1.1147425
60622 -0.16995148 1.3130491
124279 1.0621445 0.106243774
150479 -0.24555302 1.4425333
36016 1.0383774 0.1282863
782621 0.114619195 0.84578794
30052 -0.113120034 1.2030835
26728 0.14737605 0.8069624
25930 1.0477688 0.13235341
93922 -0.247144 1.439249
16442 1.507125 -0.068682395
93996 -0.19059247 1.3382723
37734 -0.07773082 1.1407242
89713 1.3560531 -0.011564108
155528 0.7580887 0.2698407
89286 1.4709045 -0.046106055
790915 1.5910681 -0.09441094
31626 -0.19000201 1.3391521
790989 1.410015 -0.03114207
474729 -0.1354008 1.2399704
89294 1.5981812 -0.08242472
95227 -0.24761842 1.449949
14449 1.1288232 0.08667021
16507 0.66370785 0.30466262
88348 1.1040478 0.11108159
93954 -0.079122186 1.1372104
89369 1.5805067 -0.082209185
787925 1.0306515 0.12975423
481175 0.0030747287 1.0217863
473738 1.0492268 0.11788716
787451 1.1608573 0.07057195
55833 -0.16760659 1.2882717
94365 -0.19598453 1.3521136
789945 1.1128285 0.09959778
84475 -0.23973946 1.4383914
96867 -0.21675088 1.401226
93174 -0.24651955 1.4264989
16601 1.0048274 0.14281744
129388 0.8839692 0.20007697
7649 0.14571323 0.80505013
92307 1.3754387 -0.015518737
65303 -0.049227 1.0967079
94058 -0.19137001 1.3498994
17041 0.093354 0.8812537
3531727 0.14258328 0.8178216
65025 0.8153617 0.2321016
77951 1.1051058 0.10052041
76293 1.2094486 0.051811595
784024 -0.18445522 1.3086536
260353 0.78970325 0.24717467
1123027 -0.15111805 1.2397289
86849 0.6759358 0.30800125
552727 1.3641251 7.70102e-05
784125 1.2819744 0.025233928
78414 0.7089025 0.2931151
149765 1.3584425 -0.0012995524
22526 0.7353859 0.28795618
38375 1.1354448 0.08976606
91837 1.5082827 -0.06952034
97914 -0.05556766 1.1046607
30981 -0.2001287 1.3478397
8930 0.13266751 0.8318382
95123 0.2629939 0.66473055
791986 -0.0139606735 1.0338804
96732 -0.2383248 1.410347
787860 0.0070955856 1.009657
788149 0.09404536 0.89265376
87028 1.5893766 -0.10225932
787648 1.203784 0.053721033
94929 -0.18216377 1.3290863
800149 -0.20178422 1.3490603
6242 -0.24720195 1.4250284
532347 1.6807609 -0.1328
86496 -0.19599235 1.3308666
95648 -0.2217889 1.3969085
17874 -0.15540315 1.2712344
26217 -0.14769538 1.2761595
87673 1.3792154 -0.01156007
787653 1.0870821 0.10032939
27048 1.1035331 0.09949109
83274 0.90799254 0.18763612
788148 0.11054354 0.8523977
802434 -0.31466568 1.5542238
88965 -0.33923817 1.6224196
13962 1.443977 -0.036496185
88342 1.0845196 0.08374385
286054 0.69282675 0.2941059
87935 1.1947305 0.05616577
93378 0.8924478 0.18302915
796763 1.3252177 0.0047057136
36858 1.1236173 0.08365094
95159 -0.21613248 1.3891902
87056 1.1080534 0.09245082
20265 1.0077857 0.14716882
93023 -0.22704183 1.4059615
17945 -0.2723083 1.4785762
87457 1.5921899 -0.10045402
86331 1.3429306 0.0044340123
802787 0.10227383 0.870493
94652 -0.1095711 1.1988057
784451 1.2823334 0.01681252
784421 1.2231591 0.05063969
17230 0.24877264 0.67324656
800410 -0.10876987 1.1618544
389200 1.095606 0.08832049
93257 -0.16898596 1.2989479
788992 1.1027684 0.102892995
17739 -0.20406117 1.371325
40132 1.2661808 0.038412157
800412 -0.21780954 1.37958
88094 1.1174964 0.094697215
69775 0.9389966 0.16574705
89920 1.2249008 0.05430894
179561 0.9385852 0.16596028
372009 1.0683713 0.10744255
86857 -0.032483116 1.0671775
95078 -0.19227274 1.3347154
29619 1.170006 0.06962905
18210 -0.18290666 1.3163918
66239 0.74441415 0.26494956
785480 1.3147433 0.0079245465
86575 1.4809824 -0.07115403
6890 -0.09277821 1.1751374
73857 1.2236649 0.05298842
17774 -0.16439627 1.306012
796367 -0.15352795 1.2636887
190150 0.5071927 0.44047517
25435 0.07393459 0.90527195
88311 1.4925411 -0.050416403
31278 -0.26693556 1.4687992
155881 -0.07196429 1.1318374
94131 -0.2650707 1.4707305
804402 -0.08212861 1.1478171
784211 1.2523702 0.03647313
86902 1.3648934 -0.0024994477
12512 -0.11920901 1.2142925
92959 0.15452515 0.7979841
81749 1.3555892 -0.007700326
9498 1.0412066 0.12796712
16884 -0.22182763 1.3982351
87543 1.3897295 -0.020335559
782957 0.051049877 0.9479173
78011 0.9969927 0.14369772
88929 -0.22890416 1.4099123
32067 -0.24780639 1.4546127
87765 1.2327487 0.037987884
95280 -0.2509352 1.4440436
89191 -0.18620129 1.3356972
106945 0.9285737 0.18740913
30311 0.884101 0.1821842
83256 1.1801051 0.05724761
87783 1.2356066 0.040412568
91908 1.0542777 0.12137412
786941 1.2385293 0.032331955
282786 1.0195806 0.14507455
93727 -0.22449464 1.4041014
155654 1.0873843 0.10969232
95539 -0.27332714 1.4817607
16786 -0.024751736 1.0644325
796094 -0.046873644 1.0849421
16775 0.9653285 0.15716717
87223 1.1689968 0.071441285
799160 -0.25894472 1.4423801
308435 -0.1003865 1.1750766
812426 -0.24565461 1.4236443
696598 1.5978048 -0.107735224
97519 -0.24990267 1.4622558
76527 1.4378573 -0.032454826
92514 -0.2955841 1.5222598
804114 -0.09854283 1.165787
90381 1.3502487 -0.00543176
788970 1.5320483 -0.0687133
93677 -0.26781893 1.4666021
90887 1.2912126 0.018305246
52141 0.053893436 0.9374817
799337 1.5167288 -0.063932106
79718 -0.1446515 1.2633097
95510 -0.18697695 1.3233646
785466 -0.11622483 1.1940207
84712 1.3924702 -0.012557166
86897 1.1384629 0.08063216
39003 1.337625 0.0035448414
92600 -0.271794 1.4977103
782709 -0.02360941 1.055759
799287 -0.17670502 1.2990192
788468 -0.26734367 1.4654125
89346 1.417181 -0.029968666
94971 -0.060681902 1.1175008
88414 1.2670348 0.033063073
86856 1.0578644 0.109220766
784438 1.7077224 -0.12936512
99049 0.2690217 0.65703213
97741 -0.036999013 1.0733591
97049 -0.18766353 1.3449183
87703 1.521075 -0.06373847
694916 -0.042862356 1.0836557
67005 1.2252998 0.05638829
45137 0.8952797 0.18895212
73226 1.4572963 -0.039548557
793827 0.09571289 0.8837318
784448 1.0341052 0.13208799
65056 -0.260082 1.467509
26237 -0.013101489 1.0444419
803680 -0.26419395 1.4407407
75484 1.0626653 0.113604695
93647 -0.04780817 1.0945448
785096 -0.16005763 1.2658633
789542 0.8113942 0.24149725
88183 -0.16578265 1.3068788
95481 -0.22476059 1.3914267
39158 -0.16253188 1.2940085
6709 0.26133746 0.66344017
95169 -0.22210391 1.4092668
135452 1.2984159 0.01611044
92086 0.33210626 0.5771414
797372 -0.16276582 1.2816217
16452 -0.207393 1.3681355
787524 1.1578536 0.066398814
37490 -0.19101907 1.3412274
25755 0.7268553 0.27846435
88728 -0.20260015 1.3765047
30410 -0.0051234737 1.0228041
782975 1.1277462 0.08263293
275197 0.7590089 0.2705394
83372 1.6135015 -0.10306199
80340 0.2923048 0.62951255
97001 -0.11659033 1.1988064
48376 -0.15063196 1.2508874
250090 -0.20724465 1.3578427
92118 1.3575331 -0.0033574435
87602 0.9599031 0.14989275
138691 -0.22650151 1.4076385
83124 0.097342 0.87329954
92962 -0.24226332 1.4260833
88939 -0.19578403 1.347686
788972 1.0833105 0.094321355
94104 -0.18587157 1.305986
94592 -0.24736504 1.4265618
95968 -0.020540008 1.0462509
18504 -0.19827077 1.3686496
285317 0.9433529 0.15799032
796412 0.18198738 0.76124495
43868 -0.23656602 1.4207051
790426 1.3961244 -0.025256002
70682 1.3211081 0.018959172
789852 -0.17022857 1.2891396
89761 0.13510776 0.809001
120060 -0.18106407 1.3160373
506270 -0.048695423 1.0976753
783404 1.0449383 0.11766564
800139 -0.18078415 1.3045571
792593 1.0291132 0.12949996
94220 -0.21341735 1.3749485
783920 0.24903491 0.6888871
433008 -0.042080417 1.0829401
786287 1.1985654 0.053895324
51702 1.4645774 -0.044291586
803337 0.99517596 0.14154491
107881 -0.10668963 1.2020513
790904 1.6070389 -0.0993853
86512 0.8726718 0.19295153
93481 -0.2560258 1.4616555
28864 1.2202517 0.047140002
82331 1.4986445 -0.057957247
463778 1.6652784 -0.12484072
789486 1.3191409 -0.006622129
806699 1.4929326 -0.059513666
83302 0.15813428 0.7831626
789956 1.1263922 0.087365635
788874 1.0569717 0.11548718
819044 -0.22392043 1.3865356
101833 -0.2305773 1.3932624
13772 -0.24293464 1.440141
87306 0.88853383 0.19130816
78192 1.4901283 -0.060120154
782724 1.2089323 0.04092352
803777 1.1864694 0.06357014
44901 0.94963694 0.16603373
88423 1.5411136 -0.06788214
73031 -0.01840648 1.0464686
308428 -0.10307276 1.1839654
787981 -0.17372775 1.2871053
42368 0.034907185 0.96496314
797000 0.89948976 0.18411168
87795 1.3034047 0.019401345
94834 -0.18095648 1.3152821
30500 -0.1235897 1.2199948
797925 1.3591422 -0.016594615
794317 1.2470602 0.042804632
155663 1.0397213 0.1239069
82715 1.4182855 -0.035055935
8474 0.9967961 0.13838132
83732 0.981055 0.15174048
786884 1.1317508 0.07699234
39031 -0.23380244 1.4146409
788979 1.5264736 -0.073930144
93871 -0.17961147 1.3062129
363765 1.124292 0.08166976
88156 1.1747448 0.066980846
51729 1.2379553 0.025186636
93516 -0.09175964 1.1524092
92627 -0.2509517 1.4441458
95420 -0.2258987 1.3950691
807233 0.9387933 0.16706002
94443 -0.1846438 1.3153262
84294 1.3839759 -0.016995346
17271 0.110992916 0.8601083
86500 1.4358395 -0.027957624
88790 -0.15639362 1.2868977
810887 -0.1425012 1.2425348
88151 0.9460642 0.16828434
87608 0.89134896 0.19614466
92926 -0.060085434 1.1165512
97093 -0.21422687 1.3790529
799555 0.99828607 0.12564497
86037 1.0996181 0.08519341
14635 -0.18064314 1.3169032
6812 1.4857217 -0.04665416
785377 -0.034621406 1.0634565
88679 0.9285838 0.17428862
804327 -0.114684306 1.1802158
810546 0.08478427 0.8894415
563306 -0.07753089 1.1409447
38046 -0.25136462 1.4571147
93014 -0.14524549 1.2658145
60718 0.3810525 0.54725456
25107 0.12284383 0.83264995
97816 -0.19182085 1.3332319
810723 -0.042613596 1.0609484
86401 1.6632416 -0.124010675
91760 1.3197193 0.013028446
800140 -0.29219937 1.5147387
789514 1.3497503 -0.014627639
88113 1.1939431 0.050926305
30469 0.9707513 0.15515427
102477 0.7831864 0.25258708
784416 1.3856786 -0.02516894
39494 0.8624714 0.20939162
83252 1.3624734 -0.010024175
802373 -0.116780624 1.1992126
142868 -0.045963567 1.0910281
784432 1.3067844 0.017734693
87297 0.7196654 0.28779426
53852 -0.19526367 1.3551887
799227 -0.21069866 1.3540128
90864 0.90414757 0.1875402
88762 -0.13577206 1.2535808
56685 1.4057096 -0.028888652
88273 0.8453476 0.21646501
31442 -0.06963113 1.1124489
93450 -0.20082945 1.3505675
812083 -0.17597948 1.300604
88160 1.5338691 -0.07106336
475778 -0.069301724 1.1230718
30419 1.275729 0.02523243
17883 -0.28049636 1.4870796
83053 -0.026366834 1.0497067
49682 -0.22603908 1.3955058
52376 1.6086766 -0.09450193
122832 -0.13164021 1.2290847
149831 -0.12551756 1.2345738
792051 -0.0109300455 1.0337064
92748 -0.18693373 1.3289828
6681 0.16307366 0.7858718
34079 -0.037793357 1.0736086
797616 -0.21731192 1.3681523
26103 -0.14514513 1.2636558
87755 1.4913769 -0.061193902
83253 1.082872 0.10588737
94135 -0.22557488 1.3904681
93959 -0.21541233 1.3814863
92754 -0.23860216 1.4460251
88866 -0.1844221 1.3350676
87723 1.2344725 0.0503698
84951 1.5302943 -0.07302861
88200 -0.08319399 1.138831
96762 0.03648352 0.9767079
97637 -0.18397863 1.331919
15789 0.18488763 0.76820403
17822 0.06773245 0.90771544
51938 1.3326702 0.0008343737
799286 -0.17298886 1.2857004
56288 1.6254809 -0.10702505
787664 1.1492388 0.07762689
95104 -0.026889665 1.0458791
18174 -0.19874582 1.3430468
94949 -0.14994349 1.2575767
16878 -0.269227 1.4773974
17925 -0.23555844 1.3892746
88911 -0.3017513 1.5539176
87998 0.8497858 0.21331115
16888 -0.14119658 1.2602922
788339 1.1704984 0.06721805
97811 -0.24038468 1.4297267
17862 -0.20351619 1.3578378
17836 -0.26473272 1.4831033
797182 1.0723399 0.10670367
92563 -0.19733226 1.3525964
95654 -0.17696555 1.3089095
94348 -0.21351914 1.3957268
803780 -0.1801257 1.3037013
96701 -0.22432703 1.40756
192905 0.5872099 0.38168898
87157 1.5669472 -0.08651566
150102 1.268419 0.011192613
94246 -0.12535407 1.2017106
18292 0.010890519 1.0087663
548130 1.4231226 -0.04282986
309147 0.00025885436 1.0158433
45054 0.8591898 0.21149683
782619 0.10946348 0.85545963
94948 -0.080183126 1.136511
94796 -0.0816318 1.1367277
206878 1.0119348 0.12933196
794371 1.5874728 -0.08985616
783235 0.017041763 0.98608553
33902 -0.08143934 1.1423601
799446 1.0194621 0.11422401
801174 -0.2145145 1.3728361
102337 0.81793326 0.23574324
8368 0.980586 0.15763882
805742 1.0666808 0.11053833
88009 0.207867 0.73317665
149786 1.2490985 0.037674606
35978 1.094437 0.10470855
97642 -0.20494998 1.3787677
803793 1.5621089 -0.078400895
800982 -0.18703377 1.3307644
804201 0.5785432 0.37745103
89324 1.6412536 -0.11241232
87345 0.15896681 0.7814746
806579 1.0176799 0.1247191
787243 0.008045991 1.006774
799380 1.491318 -0.062481556
95739 -0.1065446 1.1931895
83332 1.3301549 0.0024716072
84124 1.3840995 -0.011436711
225888 -0.17111059 1.2965703
32195 0.6065448 0.35038298
18015 -0.08853878 1.1694945
77562 0.044611976 0.9442539
88254 1.1729876 0.069765136
787944 1.2079883 0.050503723
86381 1.4658868 -0.045765627
97612 -0.24455005 1.4320006
788284 -0.16853535 1.2831042
88277 1.2800717 0.029955894
789331 1.2796267 0.021091403
150574 1.0738461 0.11312413
88278 1.4675859 -0.048832092
47399 1.059769 0.11205878
810449 -0.1633161 1.2862784
28512 -0.19229066 1.3601879
89724 1.5459782 -0.08670256
783956 0.61089873 0.3510412
72940 0.19559108 0.7356687
17028 1.1220756 0.07879284
791000 1.5003419 -0.066520214
25062 1.4794691 -0.05194363
796717 1.5187879 -0.082936905
802788 0.11590951 0.85494
92937 -0.2788337 1.4886901
805245 -0.049475413 1.0868679
48845 0.085327595 0.8981842
794693 1.2027388 0.049701154
67004 1.5001119 -0.06903068
37019 1.0274365 0.12969895
784021 -0.25970614 1.4597038
88818 -0.19945493 1.3596861
782956 -0.05410999 1.0951624
87658 0.93035436 0.16678444
799138 -0.1267035 1.1884128
174939 1.0044917 0.13660173
87827 1.0352004 0.13395599
794396 1.2741678 0.021510914
67932 1.4150219 -0.036826514
790905 1.413775 -0.033792313
91757 1.3323404 -0.0033493445
789790 0.18783948 0.76383287
803859 -0.24070849 1.4115998
96577 -0.2512255 1.422077
793623 -0.060948372 1.104755
791768 0.014715534 0.98463756
87633 1.3397174 0.0014333124
820500 -0.28816536 1.5150752
47474 0.8968136 0.19940157
818807 -0.2420039 1.4327028
790906 1.3421885 -0.020469215
821860 -0.3093006 1.5349364
806231 -0.18346186 1.3073021
109692 0.058018804 0.9346217
34086 0.10390869 0.8565883
811950 -0.3494757 1.6172696
793626 0.074214965 0.9147526
63469 1.5558954 -0.077587575
6983 0.9758961 0.16036256
47647 0.7620099 0.27206796
39992 1.53545 -0.06957739
98012 0.76646113 0.26407737
788454 -0.17463534 1.2932228
36121 0.12582514 0.8394047
16610 -0.088526465 1.172977
799378 1.5687432 -0.087448664
15783 1.5463086 -0.067228936
30383 1.0415827 0.13490278
96769 -0.13479409 1.2440735
815520 -0.13077979 1.2128378
110406 -0.15963559 1.2820152
96896 -0.28295708 1.5102475
38455 -0.24532622 1.4207236
30306 -0.01734676 1.0314132
790400 1.1387556 0.08577237
810829 -0.19061634 1.3165363
97508 -0.21281919 1.3829782
803783 -0.06461936 1.121633
88269 1.2348298 0.043911096
94026 -0.12748052 1.2349677
87956 1.230627 0.048084125
88824 -0.111578755 1.2126328
74114 1.0711522 0.094409406
65109 1.2809438 0.0308033
799182 0.123679034 0.8408791
97472 -0.2915786 1.5210258
96011 -0.12443355 1.2188355
62461 1.1600289 0.07113062
92756 -0.2611543 1.4765874
96551 -0.22131252 1.3929747
89753 1.1395491 0.07567558
94331 0.03600473 0.9709955
38881 0.90142095 0.1994804
784202 1.4417298 -0.029536905
94440 -0.18512744 1.3234727
43865 0.89541364 0.19000354
95646 -0.20305407 1.3457601
97921 -0.20442934 1.3740458
791765 -0.081852205 1.1332524
790842 1.0636673 0.115404695
93998 -0.1638388 1.2813414
95734 -0.29113516 1.5204968
807279 -0.01547896 1.0345073
93315 -0.07949753 1.1511968
83089 1.5253836 -0.067723274
35909 1.16371 0.071647
45710 0.034136567 0.97262955
2214218 -0.119248725 1.2029523
89605 1.1280414 0.08859045
15590 0.2906373 0.6387424
60737 0.03546088 0.95345384
92102 1.4247508 -0.018508917
631887 -0.044894297 1.0895807
86204 0.89497524 0.19454207
135130 0.015612699 0.99224544
184948 -0.12948392 1.2239499
796788 -0.08925966 1.1575477
95160 -0.08756568 1.1707814
791837 -0.10289159 1.1872852
88129 -0.17878126 1.3086013
94221 -0.2629844 1.4697757
26973 -0.06991345 1.152019
93316 -0.18702678 1.3283275
94110 0.011066672 1.004471
89759 1.3919015 -0.022231873
51540 0.18700516 0.7578714
797504 0.21163422 0.7193275
785404 -0.0057909144 1.0346209
97762 -0.24737005 1.4438505
95731 -0.19741392 1.3555701
789488 1.2268826 0.041453473
794906 0.071639255 0.90798265
89876 1.1750443 0.069257975
87989 1.2093363 0.051102113
10615 1.4285733 -0.040585455
97510 0.1281117 0.8216704
787139 -0.058831763 1.114156
16202 0.05327429 0.9418621
93936 -0.15986076 1.2714545
794398 1.3551807 -0.010828389
794400 0.69246393 0.29080176
96678 -0.17569207 1.3239491
82829 -0.21766047 1.3856401
96696 -0.26618963 1.4632118
37102 0.95908475 0.16136535
799284 -0.112477064 1.1938558
92541 0.025738832 0.9818046
87090 0.77724886 0.2531419
94030 -0.09328555 1.1571687
78429 1.4261829 -0.03887134
150140 0.12314583 0.84571797
129348 -0.205238 1.3474265
29384 -0.06186218 1.1002579
516799 -0.044416133 1.0778682
84361 0.8030074 0.2340342
792308 1.0740564 0.11724348
801626 -0.10271287 1.1536735
136275 0.9078209 0.18077563
73785 0.22940448 0.70138085
656032 0.9953133 0.14917754
88345 1.0482049 0.10593416
91914 0.9926467 0.14992027
128724 0.84213793 0.21782243
785513 0.1398888 0.8201764
193404 -0.06409861 1.1246109
94511 -0.2168374 1.3841413
782467 0.94775933 0.15695296
129214 0.6664749 0.32282424
784454 1.0894445 0.10287979
793835 1.4219291 -0.032973506
804248 1.3725456 -0.023925655
788462 1.0926006 0.08114859
784213 1.2594633 0.02182066
84799 0.82062244 0.22922637
92621 -0.29144466 1.5111897
74910 1.4024632 -0.026170593
34334 -0.27092454 1.4742646
129629 1.199585 0.0635618
88401 1.0744873 0.106485814
802446 -0.35709196 1.628583
784424 1.4766694 -0.05111973
88063 0.9228453 0.16708167
97765 -0.21141234 1.3725891
39174 0.15894204 0.78980565
39773 0.6126516 0.3631563
796371 -0.14737017 1.2593423
88049 -0.05104547 1.1065818
99011 0.85975075 0.21073538
788985 1.2176625 0.04515173
793611 -0.0701324 1.1273086
37265 0.20180888 0.75022113
108400 0.8954881 0.19344464
95522 -0.20912331 1.3603895
89944 0.8752941 0.19459045
788392 0.08931104 0.89127284
17965 -0.20332429 1.3551999
87710 1.3685573 -0.0118213855
45220 1.0242591 0.13508454
109486 0.99893093 0.13264331
791031 1.2672169 0.024640223
95936 -0.25353774 1.4672023
794098 1.4333586 -0.048999317
84046 -0.06469735 1.1261832
796474 0.93733823 0.16969445
95838 -0.26912272 1.4774351
88856 -0.046294983 1.0943961
29875 -0.012266771 1.0235109
86762 1.6439074 -0.10430517
22315 0.66903245 0.32246765
16487 -0.16075335 1.2961526
94662 -0.25058404 1.4511973
89194 -0.13400109 1.239472
96980 -0.23969865 1.4266002
93581 -0.06921218 1.1376008
799415 1.4964758 -0.062431198
45108 0.9288442 0.17126438
41607 0.878846 0.20395128
91841 -0.027329907 1.0513759
84248 0.62926817 0.35142466
94227 -0.22982556 1.3956248
790401 1.2845632 0.014494861
796480 0.6387146 0.34278506
85931 0.87928015 0.20207952
90691 1.6320746 -0.10973128
96775 -0.24509147 1.4242029
30432 0.86123157 0.21476257
31266 0.12782224 0.83453417
45140 1.0385854 0.12148697
56474 0.18814395 0.7562736
22646 0.20743524 0.7293066
75342 1.3754897 -0.023489917
800411 -0.24960764 1.4355234
101837 1.1239176 0.08625169
793625 0.32769704 0.58841443
95680 -0.15423721 1.2751518
125157 -0.18623039 1.314282
89638 0.37798926 0.54830736
18055 -0.07064635 1.1280097
86718 1.5124683 -0.061428126
73361 -0.020892156 1.0578338
284715 0.9518532 0.1553447
94827 -0.26870757 1.4787837
88217 1.3508072 0.0036496213
97640 -0.26807737 1.4588854
87691 0.4547945 0.45895794
798064 1.3944858 -0.016281301
65579 1.5638924 -0.08551101
38877 0.8427744 0.21723777
64704 -0.19569302 1.3536552
39169 -0.19251433 1.3439528
804535 0.20335042 0.73631495
138237 -0.20282304 1.3617789
789549 1.1814557 0.050811846
812081 -0.22063288 1.3824975
811964 -0.039207373 1.0708953
149974 0.1394073 0.82754666
95955 -0.2546226 1.4434626
789955 1.1392747 0.08093593
88749 -0.18561476 1.318009
34875 -0.13930978 1.250381
94600 -0.23565239 1.4314007
464203 1.3948665 -0.037114576
10797 -0.236386 1.4211566
88259 1.283 0.028297424
119551 -0.18401319 1.332668
787887 -0.19181529 1.3479329
797055 1.2467216 0.04176786
92573 -0.15182552 1.2559049
783951 1.3301669 0.009944187
84073 -0.20001262 1.350188
92615 -0.07983083 1.1428639
95365 -0.18522134 1.3275766
96670 0.087844476 0.8931049
32014 -0.22298071 1.3892331
89372 1.5230439 -0.07493072
86883 0.035823904 0.94061744
794397 1.071217 0.11423675
18544 -0.14820349 1.2584928
86403 1.3864434 -0.016914802
97022 -0.18836766 1.3259966
92968 -0.27569616 1.4883326
801731 1.4772828 -0.047466334
9993 -0.13949712 1.2558498
796373 -0.1529462 1.2607692
87072 0.51007533 0.42440888
800142 -0.12897986 1.2207973
87523 1.4744676 -0.04524087
788836 1.1440394 0.07983173
31177 -0.047829747 1.0861962
464797 1.4993345 -0.058103103
803782 -0.10177145 1.1787592
52454 1.5092764 -0.06600578
96866 -0.25244614 1.4366741
84479 1.5525715 -0.06217282
56712 0.70998865 0.27908993
800409 -0.16889386 1.2831247
17120 1.1979849 0.05945666
87403 1.4482222 -0.04537531
88772 -0.20082855 1.349567
148418 0.8038735 0.23656535
92050 0.2220023 0.72848314
93128 -0.016902357 1.043768
84762 1.44844 -0.03345081
87803 1.0498465 0.11525885
75028 0.75947195 0.26386645
150207 1.1687653 0.070961505
37411 -0.05595246 1.0880212
96742 -0.19221662 1.3382448
801258 -0.2279203 1.4002719
17650 -0.12598407 1.2131813
26181 -0.12678067 1.232048
83438 1.3619555 -0.0007530315
52335 -0.13634397 1.2368108
60680 0.07466558 0.89874655
799805 0.73797053 0.273336
60690 0.07329607 0.9073167
86766 -0.0094091 1.0295943
31470 -0.21959457 1.3851812
86395 -0.15217555 1.2696484
795926 -0.12921853 1.2240607
39271 -0.1125208 1.2052861
149783 1.2694507 0.032144986
795100 0.9865936 0.15251733
92176 1.3838744 -0.015050951
37406 0.007220139 1.0042348
94904 -0.107419364 1.1864344
28316 0.08734183 0.8910763
95752 -0.2650431 1.4434552
782976 1.2234789 0.033945825
96806 -0.2639127 1.460786
94691 -0.24605319 1.446759
787240 1.1240541 0.07030786
93790 -0.075346746 1.1298127
107547 -0.20101273 1.3594474
77666 1.282164 0.022579245
783929 1.1577455 0.067087606
11006 -0.17495579 1.3269835
16264 -0.25561368 1.438076
87322 0.9813369 0.15529983
31537 -0.18647476 1.3191514
75057 1.2743323 0.030084344
22379 0.59669524 0.36587745
87323 1.1433476 0.08096398
784423 1.4532878 -0.046328776
790902 1.2948458 0.007917244
110613 -0.18228315 1.3204367
127246 1.4162132 -0.0317507
145253 0.15087716 0.79599386
62852 1.1070186 0.095622115
148379 1.3154244 0.009628411
16005 0.00512667 1.0023682
89007 -0.24452965 1.4337922
801223 -0.15775554 1.2685504
474307 -0.0049680234 1.0070833
80268 0.91917753 0.18776058
92006 1.0567129 0.11407711
88167 1.2383951 0.039644152
810683 -0.19761923 1.3303332
87720 1.4714731 -0.04552951
799414 1.166627 0.051457364
93813 -0.21816802 1.393176
1603369 1.0320976 0.12369388
87366 1.407325 -0.02389661
88170 1.5110481 -0.070426114
92502 -0.24424094 1.4274757
89299 -0.17152494 1.2895343
802772 -0.011705807 1.0406532
95118 -0.14602593 1.2596025
93363 -0.049627617 1.0978274
38635 0.97197825 0.1529104
812057 -0.2831423 1.4927566
17903 -0.1305901 1.2277414
91826 0.20214438 0.73701656
810635 1.0589348 0.10932008
92081 1.4736626 -0.048492286
797832 1.4700747 -0.05788471
809243 1.2725472 0.032530963
795602 1.478086 -0.056218166
89114 1.0168669 0.1373242
495393 0.85679644 0.21084097
786249 -0.10224457 1.1693499
89118 0.72144395 0.28853709
39150 -0.16996698 1.2977636
789851 0.0020416325 0.999888
84800 0.71036303 0.29021576
94395 -0.07508989 1.1161534
9542 0.103724875 0.8652864
93029 -0.20954819 1.3712132
49461 0.88503116 0.19410197
44912 1.162916 0.07388184
76902 0.39907357 0.5140629
782622 -0.14279248 1.2349398
87578 0.95111203 0.16502565
25472 0.27008715 0.6697978
66747 1.2014239 0.056004867
788152 -0.096749 1.1672686
782625 -0.08907417 1.148333
96728 -0.19104102 1.3197591
89572 1.2870412 0.018738963
224492 -0.21289116 1.3433659
76525 1.4067297 -0.029039437
790605 -0.15309091 1.270638
800984 -0.20991102 1.3544422
22711 0.13003206 0.82802147
788642 1.0084696 0.13748464
783932 1.4394604 -0.03794539
788463 1.0546124 0.10836326
37841 -0.009923646 1.0473808
88118 1.41273 -0.029015904
811470 -0.3331745 1.5817187
12814 0.54885685 0.40470627
821635 -0.19113965 1.3310007
93360 -0.2093985 1.3753004
128133 1.3414756 0.0050237975
49385 0.02063488 0.9792349
11593 1.2317568 0.037719242
104758 0.97615445 0.14941627
94683 -0.14615037 1.2547693
37908 0.09112276 0.8751811
82338 1.2101272 0.03723271
48913 1.3098463 0.02019073
794773 1.1928762 0.05838727
97680 -0.23503274 1.429938
81832 1.6652176 -0.10876065
90560 0.79144424 0.2435431
87059 0.9589299 0.16282701
94654 -0.21288829 1.3734683
86691 1.5689498 -0.089393966
215108 -0.04559207 1.0937454
129975 0.002492127 1.0344923
799157 0.07253809 0.90753996
147324 1.4895204 -0.052816413
86787 1.2898644 0.018101698
32068 -0.08409467 1.139967
91276 -0.24227914 1.4152552
64693 0.83994955 0.21949588
41819 1.4763807 -0.061013978
788153 0.061796714 0.9252871
73102 -0.17680511 1.3100057
6682 0.09027784 0.8961202
565287 0.953478 0.166998
88586 1.4986178 -0.058797408
10210 0.024961676 0.9798741
26896 0.29440042 0.6457318
88122 0.021668335 0.9831427
12699 1.3491875 -0.006258888
31356 -0.19592118 1.3374547
94230 -0.15496063 1.2827318
799022 1.2432328 0.027660282
16690 1.5368817 -0.076227315
150233 1.3884829 -0.022482928
66068 1.3792297 -0.006473912
96965 -0.21298364 1.3670441
92777 -0.2021585 1.3569602
783236 -0.07671068 1.146083
97516 -0.13332748 1.2321185
42773 0.22383705 0.72255105
96030 -0.26018944 1.4714987
87343 1.28723 0.026742147
78819 0.82808316 0.21742974
56370 -0.21221231 1.3751135
87850 1.488121 -0.056001615
6948 0.2638349 0.6626509
18343 -0.17523474 1.3215712
86963 1.1610516 0.06656499
93324 -0.13054971 1.2502902
112678 0.063371696 0.9032697
65706 1.5288436 -0.077114806
790946 1.4211271 -0.04431874
103999 -0.07328365 1.1326841
83555 1.0747546 0.11215314
95206 -0.0060896007 1.020004
39207 0.69177926 0.30716157
39897 -0.237695 1.4307796
92024 1.4341378 -0.041686807
44681 1.1360312 0.07194455
97643 -0.15781564 1.2773561
31385 -0.03687896 1.0870265
805244 0.017128276 0.9860345
155877 0.24312039 0.6900137
88983 -0.18813784 1.3514646
88252 0.21068284 0.7361948
800101 0.0005325503 1.0225021
96999 -0.15476245 1.2820079
87417 1.2708137 0.028949874
96677 0.18437171 0.7572611
150522 -0.23015983 1.4004425
380324 -0.14739265 1.2394578
78638 0.5139336 0.43898025
13431 -0.26954207 1.4773833
84101 1.4272614 -0.04319918
284632 1.4595135 -0.046081103
790923 1.293925 0.0046289037
39275 -0.2067526 1.3532441
90818 1.345072 -0.0069971527
89682 -0.20122585 1.3311616
784442 1.0887448 0.10209098
93962 -0.09267398 1.1528634
93199 -0.13737214 1.2391727
88633 1.289345 0.015999103
87352 1.3406284 0.00433926
96936 0.048398286 0.94066334
93944 -0.19686723 1.3422724
123923 0.019331804 0.9866333
155601 0.7928272 0.24771759
92917 -0.18572348 1.3410777
77858 0.03528183 0.968014
6849 -0.19333282 1.3504205
790363 0.058848567 0.94153094
791891 1.5779029 -0.09060752
122718 0.788892 0.24902284
91745 1.5179473 -0.071279734
782462 0.47135246 0.45378983
95763 -0.11890992 1.2073737
804499 -0.21301168 1.3584216
95348 -0.15272094 1.256876
45138 1.0464041 0.1304879
784418 1.096573 0.09136113
94609 -0.20322758 1.3691497
94204 -0.26264757 1.4750363
97709 0.10241057 0.877751
812248 -0.23074149 1.3978696
91766 1.5651524 -0.081149556
36126 -0.13852601 1.2448455
782094 1.216507 0.050798986
85597 1.0608867 0.1087619
106598 0.7026791 0.295412
95006 0.0075908657 1.0126357
91867 0.75274026 0.26963994
150086 1.2008505 0.040082227
42750 0.31471568 0.613578
480785 -0.114998974 1.2110635
784425 1.5334978 -0.078083664
47255 0.8936691 0.19965792
147838 1.1131442 0.0985465
93747 -0.2644301 1.4662068
31285 -0.19245584 1.332831
803798 1.2556053 0.039900854
88046 1.6495678 -0.10836863
94290 -0.23348515 1.3973634
17725 -0.13863659 1.256508
87961 1.33094 -0.002615308
31528 -0.15036425 1.2713137
150312 -0.26083115 1.4744616
93732 -0.16713083 1.2962976
84106 1.2447827 0.04195756
88178 1.225937 0.044987697
785097 0.19735035 0.74875605
17692 -0.0017616971 1.0315567
784444 1.2950258 0.01832865
96932 0.03333398 0.97906584
95106 0.14646819 0.78936046
23423 1.1177356 0.08978267
786289 1.5421802 -0.07608608
87626 1.3265624 0.0012512911
799108 -0.1315649 1.2080193
34969 -0.09589236 1.1683606
94239 -0.07892886 1.1717001
88361 0.5148721 0.43386194
93961 -0.1739788 1.2969248
38311 0.05044382 0.945454
811023 -0.084597506 1.1324638
92461 -0.06197654 1.1185526
105758 1.1952069 0.06054278
34937 0.8426703 0.2103545
93075 0.09283571 0.8798183
93318 -0.16696723 1.2757007
476625 -0.20320475 1.3394921
786640 1.025272 0.120480716
87607 1.497753 -0.060849108
12083 -0.22585909 1.3892622
323100 0.04550539 0.9476605
124874 -0.037533626 1.0827824
812062 -0.23334233 1.402101
86092 0.75464696 0.27066216
93552 -0.21625088 1.3728151
22756 -0.17884158 1.3049846
94466 -0.15178712 1.28025
16423 -0.096122734 1.1810952
95251 -0.12620874 1.2244577
17868 -0.14727177 1.2713315
790347 0.93109494 0.17932586
94828 -0.25624514 1.4578171
155503 0.8842304 0.20433135
57190 1.4085716 -0.037799355
17884 -0.2715826 1.4825438
81882 1.221389 0.05297492
786429 -0.19693626 1.3346368
794395 1.0239495 0.1300592
94077 -0.1011127 1.1843132
74565 0.5964277 0.36194482
817894 -0.23243187 1.402407
97651 -0.13888726 1.252759
96938 -0.20957965 1.3679775
87414 1.4345169 -0.03641822
36982 0.16286695 0.7805715
40040 0.12068226 0.8477596
39956 1.173809 0.06938246
31520 -0.16953538 1.2995187
794537 -0.13544945 1.2173516
93186 -0.08745772 1.1684798
92462 -0.048520744 1.0955229
72979 1.0454817 0.10852512
18021 -0.19552793 1.3473514
60762 -0.12600456 1.2226562
12227 0.8678537 0.20715678
94112 -0.08643238 1.1746628
62391 0.8363994 0.22360006
790394 1.2726849 0.019209465
52236 -0.20496674 1.3721216
17310 -0.13382117 1.2229781
87411 1.3736329 -0.013370015
149802 0.35149345 0.5707734
800643 -0.07714492 1.1313838
141837 -0.16631395 1.2886602
8112 -0.100425564 1.1893423
150087 -0.096221894 1.167476
97515 -0.19642814 1.3548863
83328 1.2493448 0.041482624
84953 1.3011951 0.011365672
812156 -0.24420978 1.4234635
110415 -0.06100259 1.1034476
87816 0.86308974 0.2028626
84299 1.5154366 -0.060668267
93361 -0.114267096 1.2075909
52434 1.3976068 -0.028464865
85987 1.3304875 -0.0027245912
86074 1.463949 -0.05047591
799662 -0.0670595 1.1262469
73323 0.13384882 0.8260126
92860 -0.17483087 1.3162642
784450 1.50553 -0.066450745
86906 1.465383 -0.06103401
99117 0.35296917 0.5703296
783678 -0.17885782 1.3073169
785828 1.185396 0.058137793
74297 -0.11203426 1.196306
801275 -0.19748507 1.3401165
154730 0.9575571 0.17670888
95883 -0.058237325 1.1199976
797040 1.3462723 -0.016830841
110312 -0.15849683 1.281096
65694 0.87983173 0.20528913
94312 0.10756501 0.86741126
91765 1.4677416 -0.040592656
39887 0.73389775 0.27763546
148529 1.5478922 -0.07208669
89945 1.265628 0.030700298
87362 1.5240753 -0.079153605
76517 1.5044712 -0.051497858
810475 -0.20931084 1.3505273
799315 1.5828205 -0.09904714
784127 1.3665227 -0.0025670703
789490 1.0249422 0.13555597
75359 0.76697415 0.26393422
127351 -0.30221105 1.5298841
84822 1.4972119 -0.05809704
92470 0.008836775 1.01067
801276 0.39939904 0.5308753
86968 -0.23237777 1.4104995
790926 1.2899121 -0.0006626989
82388 1.558107 -0.08192542
48082 0.24581242 0.69189894
73106 -0.064528026 1.1167842
805253 -0.018341927 1.0383483
30429 0.5527225 0.3989993
95951 -0.14690287 1.2702272
91834 0.2165764 0.7138964
17241 1.2857659 0.019314075
816848 -0.19269496 1.3400743
208461 0.9656824 0.15384804
87688 1.433478 -0.015621914
800470 -0.11405083 1.1912007
106024 0.23170067 0.70665777
799153 0.08408158 0.90537506
786250 0.010680996 0.9839423
88192 0.27226165 0.64509237
89933 1.1903565 0.06739911
86125 1.6131597 -0.10089841
83522 1.4125305 -0.04045538
94809 -0.29795012 1.5074146
794453 1.2158601 0.047112934
799430 -0.09053081 1.150493
799423 1.504065 -0.07865031
97778 -0.11269945 1.2086897
87913 1.234819 0.044276215
804094 -0.0519744 1.0850514
149535 0.72147936 0.29237065
86917 0.21755764 0.7231094
196423 1.0562059 0.11357762
94291 -0.23495427 1.4054627
44906 0.041911103 0.96685123
90624 1.2926781 0.0130801
38398 -0.010083341 1.0429692
16652 1.312897 0.010971224
56266 1.106867 0.10117816
18554 0.15501623 0.7880315
96639 -0.25117213 1.4329431
84542 1.0648941 0.11117219
97897 -0.16738622 1.3070438
86464 0.934435 0.17341244
800099 -0.14121324 1.2434973
797943 1.2659227 0.023932777
95722 0.043845724 0.9413651
97730 -0.16733703 1.2935439
138309 0.9249778 0.17632999
86866 1.4680107 -0.06085639
87533 1.414082 -0.0412619
149459 -0.07887136 1.1424239
93114 0.12648632 0.84079605
17990 -0.19044243 1.3376175
475575 0.17236781 0.77327126
94124 -0.050741557 1.1075199
87598 1.4688021 -0.050531045
83474 0.03919883 0.9554065
468420 1.1952933 0.061110143
26903 1.0271055 0.13543725
87731 0.79445213 0.23851165
92471 -0.23827569 1.4337517
93972 -0.2967943 1.5361223
95122 -0.23723045 1.4062026
88940 0.35760733 0.566922
60697 0.16530089 0.7862689
31202 -0.17323446 1.3000411
784199 0.718984 0.2868343
94666 -0.14902638 1.2589843
10158 -0.27618268 1.4809186
36992 0.05311386 0.93860227
782725 1.2546339 0.037315454
91252 1.4235612 -0.035415266
12805 0.8818083 0.20093189
794775 1.4299368 -0.04136265
89178 -0.08137386 1.1512796
94341 -0.07309618 1.1469674
30594 -0.09955575 1.1750413
107987 -0.10220114 1.1625547
792949 1.1544716 0.07584791
85734 1.2066761 0.055558324
93630 -0.16351885 1.2923992
94201 -0.17667414 1.3093363
21990 0.13534185 0.83320487
39011 1.0860509 0.10296491
95352 -0.24036409 1.4112232
94687 -0.2621543 1.4513568
263330 1.2309895 0.040995277
87480 1.3942083 -0.026826218
130581 1.2397709 0.04349261
86982 1.1854286 0.06682522
88733 -0.19331002 1.3555833
93994 -0.30879733 1.5528024
93067 -0.12727033 1.2168432
65459 1.3743589 -0.015709806
796065 1.2656984 0.024771832
796190 0.9409024 0.178051
84979 -0.19892985 1.3565743
795583 1.3161572 -0.0037939101
799126 1.4911816 -0.05670139
811952 -0.08939781 1.1555033
37744 0.89866024 0.19416766
31086 0.0193624 0.9820474
37396 1.3576604 0.0026913255
796380 -0.014932075 1.0383141
787637 1.1082857 0.096838124
789365 -0.1766431 1.3087983
87590 1.2027836 0.06547309
235674 -0.13606265 1.2406695
93712 -0.087452166 1.1665951
284392 1.7089988 -0.13870795
92669 -0.24293901 1.4363859
57002 1.4141918 -0.024589894
95747 -0.2727415 1.4818423
86574 1.489484 -0.062051564
804202 -0.0596142 1.1133008
45186 0.97946644 0.14386465
56666 0.061230205 0.9117725
89701 1.2487059 0.032302186
782207 1.054214 0.11784689
88771 -0.056755494 1.1111327
88003 1.2074435 0.053953715
97561 -0.15283415 1.2734407
88732 -0.23558135 1.4448216
87421 1.4263353 -0.02831764
784434 1.4775994 -0.052482504
83981 0.27388823 0.66943896
94950 -0.06490391 1.1038246
88316 0.27899277 0.6379541
92572 -0.086461335 1.1603886
87894 1.5121294 -0.07409213
88031 0.8343919 0.22686227
782723 1.1185693 0.090753525
90814 1.0727156 0.10663556
94011 -0.23157975 1.3989639
83600 1.3198825 0.0076278597
83333 1.4505423 -0.038280264
338091 -0.23617293 1.4077755
63685 1.2148796 0.059557077
814665 -0.26104236 1.4426346
31062 -0.1699538 1.2926079
94310 -0.10654483 1.18584
86855 1.547354 -0.07389988
93931 -0.15815808 1.2781571
785993 0.97555757 0.15789749
88244 -0.19281982 1.321616
21961 0.561509 0.40259
88448 1.5252366 -0.07294767
86148 1.44846 -0.04148437
798316 0.9471861 0.16567495
23062 0.13798867 0.82315326
86942 1.4843274 -0.053462815
88828 -0.15434694 1.2781775
150599 -0.24125972 1.4213936
93098 0.08301818 0.8965547
807205 0.16296722 0.7935843
787923 1.1814965 0.051792063
89710 1.4322516 -0.0368299
93426 -0.14312871 1.2585044
84448 1.5254093 -0.06990828
96012 -0.237783 1.4241688
83061 -0.010528552 1.0221459
97781 -0.23284504 1.3978064
91892 1.302464 0.021838818
87664 1.0503789 0.11445153
87695 1.4360298 -0.048466053
87259 0.89632434 0.1877249
56291 1.2655859 0.010407886
811249 -0.20273437 1.3598728
95076 -0.287791 1.5171695
794305 -0.026843697 1.06569
81750 1.3861653 -0.020929242
140041 0.10625723 0.8680133
46256 0.91258 0.18757707
84788 1.2216799 0.04026887
109350 -0.092966676 1.1475376
123193 0.8662594 0.20360932
86750 1.2909256 0.031197982
48582 -0.03428783 1.0766604
95404 -0.23838311 1.436875
91891 1.2274816 0.049654964
17971 -0.1513401 1.2598863
26390 -0.004673323 1.0192558
94203 -0.16585518 1.2954767
84282 1.41406 -0.018620327
796581 0.949963 0.17251219
13961 0.28454664 0.6476054
96943 0.022481512 0.987715
799283 0.054445427 0.92398417
123551 0.99360514 0.13920029
149781 0.4173423 0.5150568
45051 0.9651667 0.15584922
17964 -0.23128183 1.3883631
94982 -0.18675716 1.3374248
138174 -0.16456288 1.280195
467869 1.4533174 -0.04534813
87212 1.4339764 -0.03377435
93337 -0.08239273 1.1367749
87700 1.1047364 0.083780386
39989 0.03509908 0.9762411
86987 1.5461482 -0.081189595
25813 0.14829877 0.7962734
17797 -0.18564032 1.3411673
97754 -0.16126464 1.2647902
88017 1.0408993 0.13606426
814131 -0.17484042 1.3019696
127287 0.59070414 0.3788038
93625 -0.12890051 1.2191082
16747 1.5011735 -0.0683613
475109 -0.20757093 1.3392917
93792 -0.13430971 1.2264396
796473 -0.26376867 1.4576992
814310 -0.10000875 1.1731592
87367 0.8706782 0.20059972
27332 0.09072472 0.88300306
791882 -0.16735479 1.2767111
52249 -0.30463833 1.5481418
465763 1.3829983 -0.020613741
93242 -0.15968665 1.2752289
88492 0.86423415 0.2129827
284276 1.125943 0.0921026
807958 0.116388395 0.84438884
93794 -0.18404202 1.3126323
93607 -0.2741839 1.4794173
787669 1.0366287 0.12718967
89077 -0.2177496 1.3882383
42818 0.098778754 0.8732221
17906 0.23605077 0.693656
148624 1.0970296 0.10654527
93735 -0.06721239 1.122373
28096 0.29767036 0.6322391
791475 1.2364485 0.03294058
31970 -0.14235033 1.252231
65705 1.3518871 -0.007466901
125051 -0.13638058 1.2522193
94074 -0.20824017 1.3738693
74156 1.4327663 -0.040402718
87419 1.5792325 -0.087151125
23221 -0.103438154 1.1957818
93180 0.09499922 0.8789069
94693 -0.13193978 1.2248383
31418 0.063175455 0.924487
94060 0.2804699 0.64365506
91979 -0.10042446 1.183855
88136 0.7951717 0.24685486
39808 0.9750279 0.15206982
30212 -0.12301356 1.219006
138792 0.9692451 0.15903336
797183 1.2274607 0.050023284
93942 -0.23185182 1.421223
83824 -0.08899876 1.1731254
86290 -0.095691495 1.1769843
93431 -0.28191912 1.4994832
30510 -0.04580934 1.110748
786491 -0.14130124 1.2300944
92078 1.465795 -0.050557356
87469 0.60973954 0.35338768
22926 -0.075192235 1.1336302
13123 -0.22467268 1.3947966
797160 -0.12848306 1.2176368
94952 0.22488378 0.68291014
39943 1.0472667 0.116022184
148511 0.5626151 0.3991529
94208 -0.15153432 1.273599
30322 -0.11654169 1.2032574
92982 -0.19177237 1.34936
122805 1.2947329 0.01738557
37446 -0.10882266 1.2030138
96767 -0.17444645 1.3068038
89181 1.2706921 0.034975834
87884 1.3837935 -0.021676304
88084 -0.007275139 1.0484829
148503 0.23378238 0.7011882
97019 -0.20677622 1.3680406
94313 0.18493633 0.75686
83158 0.83544457 0.21872969
95535 -0.24692808 1.4336457
93995 0.08883107 0.8878298
94213 -0.15056185 1.2680606
90559 1.4114726 -0.03093685
93970 -0.21175133 1.3777705
75030 0.09727163 0.86474603
88903 -0.21210939 1.3887897
88498 1.2049223 0.05859342
66043 1.3566912 -0.01228648
15474 1.3555961 -0.009278417
95140 -0.06734798 1.1216546
92075 1.4263073 -0.028069051
797159 -0.1972853 1.3421584
96578 -0.15051693 1.2670885
24991 0.96560127 0.15646173
463661 1.0448358 0.11713976
786284 0.7989574 0.21985765
97779 0.17677653 0.7744538
799213 0.98318005 0.13609397
92283 0.9108297 0.18056913
6933 -0.057216316 1.10525
96697 -0.17824414 1.3146592
802887 -0.028097972 1.0616028
87993 1.4186225 -0.025956718
39944 0.79683304 0.25122502
40383 0.9995624 0.1421358
489767 -0.12925172 1.2087585
52072 1.5946213 -0.0942031
23466 0.5268575 0.4324698
794004 1.4901319 -0.058948457
143637 -0.01538998 1.0477484
86585 0.16600123 0.77126926
94455 -0.047416024 1.0782713
88571 0.110519245 0.8572782
199951 1.3964318 -0.033225123
8255 0.8648064 0.20182595
207015 1.4414238 -0.04788303
91898 1.1856618 0.050356954
7492 1.5192052 -0.082413584
94198 0.27555826 0.65154606
94599 0.033119563 0.97009903
86909 1.3015299 0.008483264
94262 -0.2322472 1.4242831
45129 1.1108098 0.098396204
87809 0.808213 0.24370916
62379 -0.13839258 1.2361174
40069 1.2196988 0.043383297
796750 0.91870236 0.17843117
113654 0.52182966 0.42577264
140237 1.2663482 0.028948426
87311 1.313235 0.014546095
89671 1.4568883 -0.04409099
49120 0.9880341 0.14194265
129256 0.8917246 0.1897226
51566 0.8930228 0.18902673
56900 0.87646294 0.20641042
789804 0.98379993 0.15569115
200764 0.66105884 0.33447325
378348 -0.06936631 1.1267308
16600 1.4103283 -0.042161
128142 0.17466736 0.7741644
9502 1.0024024 0.14357664
786286 1.6061416 -0.09129217
93997 0.093789145 0.8846912
78133 0.68747574 0.3120525
6232 0.062050037 0.9246579
28312 -0.0041624825 1.0218092
95229 -0.13443753 1.2458824
84122 1.3563324 -0.010517611
125175 0.013812133 0.9908667
7656 1.6481832 -0.102077626
65458 1.4940321 -0.065905586
782559 0.44836915 0.4873644
39155 -0.11060606 1.199042
86163 1.6259264 -0.10196573
38493 0.15498851 0.8013377
94373 0.016851973 0.98359954
500490 0.96908814 0.14821725
56670 0.4984234 0.4459059
94188 -0.13417459 1.2519935
155126 0.465324 0.48808083
93328 0.03892614 0.95946914
154511 1.0156299 0.14853711
103441 0.75258964 0.2716116
7342 1.243308 0.03071559
794417 0.06809898 0.93060124
155383 0.6886046 0.31441313
19691 0.28385374 0.64827055
82126 1.18133 0.06439208
154302 -0.23479757 1.4245285
36930 0.7622772 0.26393068
787312 1.0927188 0.10591326
127720 1.3186414 -0.0012346053
28591 -0.22386602 1.391287
48229 0.6234973 0.3548969
22958 0.19021104 0.75455064
62655 0.039966144 0.9568627
177577 0.72113234 0.28982702
88420 1.5361437 -0.08427152
17269 0.2044998 0.7400699
788283 0.8257337 0.22038558
24855 1.0040598 0.13683212
797765 0.95887595 0.162811
39047 0.24741393 0.68076515
34257 0.46903184 0.4613612
92576 -0.104242444 1.1770011
38331 -0.10115146 1.1727449
51861 0.53342456 0.41876414
79578 0.67744297 0.32385895
90995 1.4154612 -0.043655522
113511 0.043741632 0.9341333
102618 0.33072287 0.6021121
21811 0.345922 0.579041
155910 0.24029768 0.6827592
12119 0.5439371 0.4067798
87382 1.1599648 0.061553102
77548 1.2799947 0.028397463
810464 -0.21688145 1.3786433
166762 0.16865909 0.7742255
94182 0.1176377 0.8625279
804326 -0.15615237 1.27066
52651 -0.017144915 1.0560555
786268 -0.04638596 1.0788996
789248 0.8232032 0.23491436
273613 0.71142685 0.2954694
76017 0.47201496 0.46746585
33263 1.0991708 0.09811118
784118 1.1743081 0.059897833
36058 0.37256426 0.5529574
28300 0.10832266 0.8630362
14430 0.29655075 0.6335125
30891 -0.13971901 1.2360507
782497 0.24518037 0.68133414
154439 0.42892483 0.5175314
45057 1.2090882 0.05527786
75471 0.74194205 0.2768645
84797 1.3920029 -0.025844254
22879 -0.012690798 1.0494567
29344 0.10169106 0.8690993
13793 0.009998183 1.0231159
66836 -0.082473576 1.1446346
27477 -0.09115599 1.1857861
11880 0.24849385 0.6849518
93746 0.12316552 0.8282486
25559 0.32027185 0.5955283
7676 0.2535723 0.67676705
18858 -0.119710885 1.2146904
806835 0.41144103 0.49939942
24447 0.009277734 0.9985415
25558 0.34230852 0.5731249
9184 0.056974955 0.9462671
788486 0.6508279 0.3439757
253641 0.27019623 0.6678578
6534 0.5209107 0.43393877
34426 0.17027579 0.77256286
27768 0.23301056 0.6978506
225055 -0.06865965 1.1148669
